0.0139405556086
0.0175747338922
0.00311224369495
0.00203707155239
0.00939674857653
0.01383159029
0.0119100431876
0.0119348617182
0.00795080830443
0.0080085356246
0.0165972771243
0.000258303976489
0.0157425630853
0.0152195935861
0.0681961747825
0.392704398582
0.0101786945107
0.0362418598104
0.0120023198051
0.00631256550452
0.0160254959878
0.0134389634823
0.0161012102996
0.0197254121909
0.0163329184758
0.0182801287954
0.00999645198333
0.0203611119329
0.00466716383712
0.0127735837798
0.0181261392011
0.0213799563791
0.00548332263321
0.0388746021981
0.00290642388694
0.0141314299421
0.0155094202483
0.0118294884922
0.00495636219284
0.00275205018951
0.0310940152763
0.000968949802958
0.0111344555759
