-3.68799044103
-3.48322195796
-6.06171192861
-6.33477374104
-4.61812217843
-3.76181513437
-4.58746540079
-4.30597667897
-4.6966193703
-4.89847358033
-3.51535577583
-8.4516486025
-10.1139774132
-3.59869880601
-3.38699745195
-5.07659213645
-4.33043919751
-2.20084802171
-6.06337931924
-4.77045991605
-3.57437998103
-3.67448826464
-3.46679869998
-2.94294956839
-9.73885912623
-3.17938909073
-4.38204712759
-3.276066805
-4.8131381246
-3.33738158797
-3.39061646666
-3.06291752194
-4.52626014995
-2.15411871607
-6.52103067096
-3.2391557736
-3.4467258731
-3.85833870435
-5.36084793311
-5.74893024316
-3.36303144059
-7.35335445545
-4.03052526253
