-3.53132074306
-3.44469574463
-4.82432729859
-5.63673821841
-5.81606595621
-4.00736241289
-4.35353263871
-3.98895834956
-4.15289618686
-6.1706962115
-3.84438306828
-8.20730813774
-7.50217150831
-3.92772293329
-3.21827514267
-4.08940485873
-4.55879294397
-2.23155397142
-5.42675050991
-4.37464627637
-3.65609481713
-3.89489424523
-4.07254404689
-3.14430650387
-3.24507250152
-3.68848012288
-4.00753860778
-3.79823410088
-4.21603502254
-3.37864716187
-3.66948364665
-3.32372492809
-3.82416240237
-2.22076182505
-6.35331664519
-2.85440331962
-3.0289334298
-3.98231739399
-4.74384006791
-5.06826201618
-4.20466104385
-7.83155255491
-4.19279812793
