0.0180235797164
0.0329268758237
0.0100661682623
0.00688894882358
0.00430901670606
0.0179719098609
0.0282103366722
0.0269426071017
0.0156458735309
0.00456435146533
0.0189472646671
0.000285754374105
0.00243615288054
0.0145398091419
0.0299058322935
0.0703232196257
0.0104691026844
0.170524098011
0.0356769928468
0.012176494921
0.0188263225196
0.01688131732
0.0233130403309
0.0295572463995
0.0237120427211
0.0192772908561
0.0147100409546
0.0180654766002
0.0146155879967
0.0173378001055
0.0200869508019
0.0225414513831
0.0140551469226
0.09699264017
0.0024639450132
0.0199002144621
0.0332133540815
0.0165609941251
0.0112273443135
0.00608695543957
0.013053389458
0.000392110193391
0.0162949484222
