-3.69433883156
-3.45314883681
-6.01109232605
-6.57415849053
-4.57000304556
-3.73257399348
-4.66253258498
-4.36357524442
-4.71389532471
-4.90780517569
-3.56863495598
-8.57407323708
-10.3866279841
-3.57718748384
-3.39508081352
-5.68992215243
-4.26302159135
-2.25753325646
-6.58575471206
-4.77007447071
-3.61824340795
-3.72704479892
-3.53639083757
-2.97102240606
-3.48990327313
-3.23435396317
-4.48227128638
-3.25038151594
-4.89460548035
-3.36508624508
-3.41826435962
-3.12876004054
-4.61660803198
-2.20458989602
-6.71460905285
-3.24273429606
-3.41887842836
-3.80281285572
-5.41200001137
-5.79128554594
-3.36833610509
-7.42153630893
-4.06815134396
