-3.62675122386
-3.07047703321
-5.63278016989
-6.37295140023
-4.89094753502
-3.83128220104
-4.82345086585
-4.61366042209
-4.753173127
-5.99639490636
-3.86197501041
-8.75984266771
-8.24446535324
-3.74426557341
-2.7434448375
-4.12392796159
-4.34201260079
-2.21722923302
-5.29353139308
-4.83375206232
-3.40433128987
-3.74427872593
-3.74788112405
-3.25538078756
-3.17137497234
-3.42062004144
-5.06592445619
-3.6634294156
-4.92175425988
-3.41475508642
-3.7964218213
-3.20418791906
-4.55213206354
-2.186485895
-7.17534978754
-3.04101101507
-3.28069290632
-3.88262934694
-5.27000599589
-5.82601004083
-3.7366517099
-8.4370530036
-4.39399961759
