449416767341748224
449054873515229184
448696373769011200
448213605192716288
448053085542174720
448052026258116608
448048627659714560
447932289540833280
447932049886683136
447906357170413568
447876856549617664
447876390893801472
446878686751784960
446448548679151616
445376344684118016
444291711557046272
444255806133768192
443628551531544576
443520974403543040
443202510543925249
443186305254436864
443184913395621888
443183527186542592
443182989543874560
443181356324237312
443179255459901441
443168759252258816
443152219886870528
442651214312775682
442648350819487744
442647911352893440
441814073877880832
441389946171961345
441022972338257920
440621280392269824
440305412659630080
439750012952522754
438814776542515200
438813611549413376
438469961212645377
438218323679903745
437839914860695552
437819528886501376
437788169920999424
437728300878688257
436373078528888832
435936358968741888
435636168823439360
435398292542074880
435287835000991744
435238439123161088
435208829152677888
434170372204683264
433808019407646720
433370948230586369
432723856852148225
432688866789576704
432655736208777216
432639146734010370
431592575523233792
431038692237393921
430957373553778688
430841221221584896
430685567433838592
430571920690388993
430143446310191104
429117117875515392
429038431637737472
428774148048191488
428388131058876417
426516368813334528
426246715197251584
425474764875239424
425474428839817216
425385274483306496
423988373477265408
423978833910325248
423648987845890048
422893947661594624
422528128603275264
421409789164285952
421091159260151808
483504384190316544
481799829647925249
481045692514058241
480931849074520064
479101408176660480
479101391181721600
478725550815457280
478706538140663808
478701557785972737
476966170155679744
476915389033488385
476908688242769920
476604017405997056
476240202248118272
474904693920235520
474098170784276480
474013230998618113
473356436773142528
473352561416601600
473346051504476160
470525074248708097
468985814572363776
468237242968727553
467473688376266752
467292434347859968
464232212578058240
463929190090145792
463885868076253184
463121780748455936
459228116058009601
459226978202038272
457662573857341440
457659716689076224
455991870754013184
455989409268002817
455985948921036800
455692888593408000
455561969823928321
453372874678472704
451926936218906624
451521754205544449
451504155140833281
451206133056036864
515301803701706752
514944465325158400
514599469552107520
514333869332787200
514280022568628224
514223422813917184
513910835614216192
511323480709558272
511004327956058112
508951853162594304
508818029954605057
507743323033853952
507330497244966912
505224502364483584
502354408433152000
501339388001808384
500634733198331904
499341704697106434
497223112002265088
497219754378031104
497217449884778496
494999445369401344
494842664802451459
494334307444326401
494330203225591808
494323804428972032
494318355784798208
491836871496851456
491771877195411457
490502546805374977
490498368708177921
490494286652133376
490020186653605889
489310166387396608
488595896834084864
488557055041486849
488553169324998656
488504720760131584
487399027088957440
487121046676328448
487111643080302592
486729438390788096
485621881156812801
485311527059091456
549805951616679936
549075690377596928
549075406632935426
549062709119954944
548303291503755265
547691495768080384
547268362166747136
545504235710717953
545504146040688640
545502529946017792
545485943549853696
545389641927385088
545362190572609536
545338607112687617
545019374629695489
545019082001510400
545017925480886272
545013447365115905
545009959457411072
544690722041917440
543271424257847296
542900486848794624
542793406901010432
540742746508509184
539235767445225472
535611794711396352
535311817900167168
534921693639081984
534896080781996032
534888818717892608
534476679922466816
529402172081844225
527996078767882240
527682241963376641
527214850900897794
525067633213722624
525051897393057792
525036614083702786
524760225132208130
524672806559436800
524437345911595008
524400954251042816
524315532435025920
524009862431113216
524002110325919744
522898600053862400
519979158475382784
519374469752582144
583037650996592640
583017042954960896
582783646307868672
582724266539503617
582099953604038656
581994239401312256
581966576175431680
581672111531532288
581660777892986881
581613510989250560
581609247382880257
581605425990279168
581595103132712960
581322547804839936
581272014956204032
581270764512509952
581269870450356224
581268217378803712
581265699080957953
581264511589572610
581261982516424704
581260674178891776
581253116558970880
581240556820557824
581019882365399042
581019126258257920
581017116968538112
581014291932798976
581012057501253632
581011592206139392
581009026017722368
581003535170416641
581001761239920641
580996775542046720
580993714287341569
580992999083016192
580992520424820737
580991602908262401
580990518408011776
580976497806036992
580938518328905728
580921111971385344
580920154176901122
580915980844572673
580902608778321920
580898257632681984
580878380452573184
580871974186041344
580869713393139712
580699329486151680
580604460084391936
580587535132463104
580583416502054912
580581903092301824
580579888576483328
580577429212782593
580564789233082368
580535844328603648
580516997588471808
580516877941772288
580516326336233472
580515771849261057
580515021861576704
580514099949338625
580509468888317953
580206247774932992
580199518588678144
580174769724743680
580143306325278720
579860964843077633
579842659977719809
579841265245782017
579833528910778368
579561944144838656
579509105250947072
579489002287443968
578713301229658112
578306246232666112
577988354437861376
577669523022725121
577636307473723392
577253054510141440
576571141705342976
576240092978757632
576197194186768384
576163500554383360
575816107426246656
575798273279197184
575504819382788096
575504731562373120
575492996021415937
575209547024986112
575068261567455235
575060953215188993
573259012466204672
573257667000598528
573080954144731136
572694013322633216
572538883008675841
572535964066713602
572495062061490176
571176973751287808
571162949705805824
570885871450263552
570885097009778688
570884245092052992
570883512443674624
570877557131780096
570875693162045440
570874853688913920
570870238687797249
570868800578412544
570866186155479040
570856986654306304
570855398871138304
570853289719308289
570850895849586688
570845743625285632
570841562151673856
570841051193217024
570819933451350016
570815760475381760
570815590463508481
570814588842684416
570814194510995456
570792152235675648
570778784288407553
570710591456694272
570400976667955201
570392496385077248
570335092272267264
570153763652149248
570107576651681792
570054031760080897
570015489398849536
569774591796772864
569607820519170048
569607739799785472
568589727877750784
568564685567627264
568552143889833984
568552022053658624
568258231014809600
568233022983528448
568178689252274176
568178569672671232
568176774200180736
567873640710037504
567848085528793088
567847898433466370
567837451424677888
567836676736749568
567836296619499520
567834166579982336
567833077629595648
567831884434001920
567831686550953985
567827904983261184
567826714924949505
567824144705851392
567823276791078912
567823082276057088
567821952615784448
567821376989499392
567814626961797121
567570358539005952
567565628697878528
567564505354620928
567511377065955328
567505532660244480
567504874862944257
567158659071746048
567147951948963840
567107958434447360
567107851853000706
567107725277278208
567107665646874624
566064977618817024
566057036694441984
566056968629276672
565996361632321537
565771864052482048
565767964755234816
565664180209188864
565658807121248260
565439013872730112
565434069782364160
565433732484833280
565427867124002817
565425924548882432
565425154013274113
565424404776370177
565423242866085888
565417990624399360
565416896431161344
565416577097797633
565415529746538496
565391076362846208
565328180874313730
565282409781141507
565272185196261378
565042612327825408
565028875122802688
565028633107259393
565002456380481538
564998485377028097
564714713062187009
564646924813615105
564646765753016320
564644733826654208
564607967056506880
564604045252239360
564603996891926528
564597331752783872
564596914797023232
564596748299931648
564595795366649857
564595589111746560
564595217953591296
564594451532627968
564593670809079808
564593134995111939
564592284419620865
564591739906707457
564591171683373056
564588624486727682
564588209015762944
564587481270476800
564586464525049856
564584030557839360
564583601258254336
564582697423499265
564581885284589569
564581145929478145
564578907941130241
564578142124142592
564537969143742464
563562493268590593
563508264487616514
563489832782286849
563183964316123136
563178640784240641
563177796105957376
563149772446392323
563149184174288896
563148575131983872
563147971273826304
563146322367500288
563145305428742144
562877738714157056
562876948280799233
562875783149289472
562865332361396224
562848696019456000
562798216409014273
562797550869446656
562797170798370816
562769569555968004
562769250121945088
562766286078611457
562765813489610752
562764914142744577
562764117774458884
562763484782686208
562763257568841729
562755546659684353
562754634151124995
562753861639995392
562752055564304385
562434286205169664
561339442640994305
559945010309656577
559873942937427968
559171328822239233
559156257874259971
558795113061974019
558490607157805056
558427823619440641
558427662415589376
558427484329623552
558427333565378560
558426926411677696
558144568076816384
558138067090169856
558081320107409409
558062085847121920
558062036912209920
557825263904755713
557725222376599553
557697566155214848
557394755110600704
557346973100302336
557346858776145920
557042681516687360
557039668177666048
556932841184198656
556739067443175424
556739065081790465
556383086406295552
556259673230540801
555952834320273408
555946337196576768
555918866069860352
555663298926874625
555648867325079553
555647169365938176
555638876354531328
555637960972828672
555637652968316928
555636681232359424
555635636242096129
555630290236739586
555580625801850880
555560342583902209
555555940637106177
555524631717629952
555521445879894016
555177537635373058
555169826167996416
555167579145138176
554889374195007488
554795112299892736
554770823786299392
554750975672856576
554484231339245568
554419549660278785
554419298341761024
554394881553334272
554392368125059073
554391101063593984
554209901665603584
554201198493204480
554196066661593089
554075294022520832
554033724275564544
553832401341001728
553726718251659264
553668914048421888
553409612507279361
553396811512025089
553394370377162752
553356302210957315
553116435103621120
553108917396717569
553106470246834176
553071506561839105
553046055978541056
553041202509930496
553034671089799168
553024422290800643
553001054036824064
552995656533811201
552981284507488258
552652138867064834
552637843869564928
552577994074914817
552411880237830144
552353953409933315
552323736482091010
552319924824449024
552316248810610688
552299668752048129
552294977053929473
552282792399499264
552275970695368704
552260866088112128
552060070083567618
552058640266297346
552057266048749568
552053385059250177
552050790064332801
552026959417724929
551996167056146432
551953902963159041
551937095128739840
551905852991344640
551904420972490753
551904294371622912
551903724206301184
551903206423662593
551867703527354368
551866549712076800
551866244542914560
551195014437806080
550887579650752512
615745390592266241
615742918666637312
615737845312040960
615734127636168705
615731758978494464
615405256479010816
615377987291205632
615031278924988416
614939891391029248
614683174883340288
614666744192339969
614653424567648256
614650281070956544
614647866766680065
614583749536149504
614304047533654016
614259552050106368
614258114733441024
614245413642702848
614226389353504768
613899532133367808
613860515526348800
613650562945560576
613541294124613632
613529438131654656
613491722274779136
613474436990259200
613292434382917632
613287039883067393
613225581266604033
613186043580432385
613167273872896001
613135757625139200
612809929506856960
612769627622494208
612603377910812672
612092854060584961
612061136310149120
611783761798266880
611740311233167360
611739003260375040
611696580245065728
611690010316775424
611429425549148160
611362812095500288
611066317622239232
610992068979077120
610974180356403200
610970919712874496
610969237574713344
610709338169016320
610620442131472385
610320939318943744
610280818666287104
610261807278727168
608626123761664000
608625416933404672
608622390143275008
608609054596845568
608577023708164096
607711207987027969
607708745137836032
607411896078225408
607027935506251776
606991511880888320
606702385688399872
606687127879970817
606661267185532929
606596674195230721
606330854076497921
606297842681061377
605192244581285888
605189195728977920
605188878626996224
605156148707131392
604166780282630144
604091130981060608
604085452014903297
603794603863584770
603750515189673985
603749289874038784
603423370814840832
603380778517417984
603380520890675200
603363644282306560
603353859331911680
603307280780623873
603070734689239040
603022888237670400
602647449555968000
602414149088518145
602110585862496256
602069092460290049
601978455744446464
601924942389608449
601645036078538753
601623473450979328
601600621574225920
601570800051826688
601554426793500672
601509140121387008
601326983923048448
601312581534371844
601304996823453696
601282622548025344
601238571006218240
601198442627649536
601168282746519552
601153220732461056
601131666598408192
600974349626122242
600934330718953472
600888910902886400
600876175653736448
600836019055890432
600820995914649600
600606973814538240
600580029358088192
600579397276422144
600543503584665601
600504794176835584
600504408066031616
600275059039543296
600262998410690560
600220020782727168
600202107799605249
600191684849344512
600181741320597505
600153956866723840
600130561307381760
600129163899445248
600128647907774465
600123990762369025
600108681691168768
600100202326925312
600096512312479744
599880907475046401
599372493204369408
599079338823307264
598987055696195585
598786172735901696
598709717884538882
598705594858606592
598650291102347264
598644577990483968
598638775305023488
598427849767448576
598390121122103296
598373061750960128
598017762041049088
597954734419501057
595846762868379649
595845903291949057
595845879615135744
595798631191547905
595381269908688896
595111604691206145
594628735254589440
594294113165549568
594030762996830208
594009381886304257
593986402196410368
593981216950394880
593934515254349824
593928167158620161
593907781251375104
593906045736464385
593702892780920832
593692242004602880
593679873513783296
593659625888710656
593639890962776064
593633889236688896
593631443928113152
593611685115531267
593598498353721344
593596931261145088
593592233720291328
593590590220201984
593583685762457600
593581826091962368
593566150971117568
593561883845660672
593540435705995264
593525654085206018
593409825037365248
593394784074469376
593384767661461504
593203889660370944
592587629125890048
592182610668998656
591409431243526144
591402734441537537
590731904074276867
590698067957043203
590390544452292608
590390208266395648
590390002519035904
590389792522698752
590389354662465537
590389344017461248
590043605055758336
589985542864932865
589953373174018048
589723946410516481
589283505185619969
588930874604937216
588928179881947136
588824704892403712
588193884313911297
588158556299333632
588109662068826115
587412513630904320
587409777845788672
587378496407764992
586720372961206273
586111845250965504
586102641308086273
585970721731514370
585604380000419841
585343875193135104
585337522491936768
584890959332298753
584522127040241665
584133338119667712
583826236025110528
583784816388272128
583453046098657280
583443633841373184
583104237556645889
583076332688564224
583061740075651072
649012126498078721
648287351681216516
647577655475314689
646881961290563584
646870604147101696
646191921430310912
644288913083797504
644287339456368640
644281935561289728
644075051927531520
644057671134408704
644046844348264448
644046192247242752
644044117274689536
644043011056369664
644042502643818496
644042265023918080
644040928425066496
644040228798398465
644039010436952064
644037840142098432
644037118944280576
644035324130263040
644034967002025984
644033477063655424
644031416133644288
644029966615736320
644029443414093824
644029097497202688
644028918966710272
644028121067454464
644027221192122368
644024923351056384
644022131601313792
644020027734249472
644017991491960832
644013484808761344
644012153805139968
644009420373016576
644008545726373889
644007827749646336
644007155591475200
644006616346574848
644003245963243520
644002892886769664
644002293579431937
644001227215368192
644000130157412352
643999352193724416
643998610347175936
643997961127600128
643995360558510080
643992758210985984
643991236655849472
643990262759469056
643989717722222592
643988575281881088
643987123796869120
643984938073747456
643983918530695168
643982670133886976
643979923028373504
643979520215773184
643978454430535680
643977174593216512
643976206937886720
643975022147670017
643973586668113920
643973062040416257
643971654473908224
643970938313252864
643969783352979456
643969126533234688
643967674255568896
643966891229343744
643962893009031168
643960480910839808
643959551331446784
643957971085426688
643957379361468416
643955403676499969
643953612796784642
643952413196484608
643952127870529536
643949576492199936
643949021275381761
643937300838154240
643934945342279680
643930417083510784
643928741442285568
643920633949110272
643920399797850112
643919159412195328
643916068642234368
643892143279312897
643694252493549568
643616977076883456
643578756578312193
643259506504388608
643213848812625920
641478819904270336
641433841572388868
639967565008252928
639282869685227520
639272949682323456
639260307236474881
639015474714443776
638840125254840325
638625365359898624
638507045369462784
638502972952051713
638305615324942338
638300699814588416
638299031161016320
638278646566817792
637180905929355264
636726100719218688
636723604802142208
636721074693099520
636703053429653504
635623593028685824
635309418553323520
635292634290909184
635281398790668288
634538496368189440
634161784304336896
633459666442391552
633081291785785344
632431863802544128
632372442464419840
632359660683530241
632006367344218112
631773061994254336
631732408400740352
631665858306174977
631660379299442688
631649028451733504
631623269322350593
631342307371945984
631341753803485184
631330547231424512
631329891854630913
631286646441406465
630563101943943169
630287024038109184
629499799910395904
629497308816756736
629494929014849536
629492279758168065
629183987425091585
629110008815448064
628820344665735169
628532887109775360
628526791091589120
628522360098820096
628520548700585988
628504983894253568
628491158180630528
628429998735663104
628010062578065408
626951803385589760
626926649238491136
626619560670687232
626588298366955520
626575571921825792
626550275298320384
626262358617378816
626250804664647680
626218391179796480
626215692245856256
626213201814945792
626211107624120320
626209371396145153
626180831720153088
625849537492557825
625492110981091328
624753679128727552
624449447813058560
624399947568431104
624387862419632128
624101750153310208
624082857401712640
624057602511470592
624056596113420289
624053827931496448
624053270361669636
624053076026986497
624052771998699520
624050510262202368
624047697545170945
624046545038524416
624046196668018688
624045409803960320
624044733308862464
624044400545411072
624043773555642368
624042384892911616
624041370269827072
624040271492222976
624039954331516928
624039380156428288
624038948973588481
624038567300325376
624038001643892736
624036430847721472
624036069680394240
624034954674991104
624034368659415041
624033856027361280
624033432897622016
624032461505196032
624032325794295808
624031637790064640
624030999706349568
624030340974153728
624021416304717828
624021160078917632
624020070549712896
624019772426956800
624019491442167809
624019004147920896
624018816100466688
624018585443106817
624018002896293888
624017757625937920
624017366872035328
624017074180915200
624016149626261504
624015391061245952
624015047203794944
624014817548832768
624014244686643200
624013982030954496
624013815311568896
624013458535682049
624013108332212225
624012685986758656
624012098826211328
624011821138096128
624010964875087872
624010461441163265
624009825228197888
624008948169883648
624008668963434496
624008351723028480
624007825057038336
624007045612593152
624005931051847680
624005329412452353
624004810761596928
624003845442547712
624003127281192960
624002536060522496
624001693793947649
624001405158731776
624001058000375808
624000566411161601
624000205449400320
623999826670149632
623999390668079106
623998898336477184
623998577119883264
623998096691691520
623997014418653184
623996219338027008
623995311367655427
623990092609138688
623988886746759168
623987501988884481
623985981121650688
623776734484131840
623749866087411712
623671433181405184
623335403672764416
623317835171893249
623279035016155136
623124263717879812
622952944770674688
622624589726810112
621870786157129728
621832305854824448
621494598561611776
621149810150780928
620489203407790080
620046304731918336
619690232418582528
619366830176665600
619330263424708608
619313557218459648
619309197809860608
619296414963748864
619278937995087872
619267571586584580
618952871011336192
618749510576029696
618696697259036672
618676211808645120
618597991381889025
618567661774049280
618244415358935040
617874434897149952
617548553607598081
616917420758970368
616797184403611649
616758736263204864
616413633904570372
682459022725746688
681618392915292161
679245516819922944
679075228929138688
674871065017888768
674518393949519872
674366779108499456
671465130811629569
671206150025682944
669757974521339904
669293350974062592
668682157611728896
668604117997105153
668597369689251840
667437139408396290
667286220330811392
666736398146232321
664259382079700992
663850263862611968
659279688859172864
659278782776217600
659267557103243265
658427991186407424
657083385941114880
657081127182569472
657080842917810176
657079835370516481
657077272059318272
657076358690922496
657075025376231428
657074176092606464
657073711850196992
657072103766646784
657071784177479680
657070650922692608
657069239510020096
656246099460661248
655156725465665536
651887608570601472
651887458146086912
651887375719596032
651887105673576448
651151550958596098
715668501797740544
715430159231266816
715304358716383233
714983737889398785
714944731340365824
714595436544167936
714226519791382528
714222996001398784
713531902259400705
713496448919154688
713491411069304832
713124247309135872
712942705714733056
712904996241604609
712870328381276160
712853852459048960
712820896818274304
712750580570042368
712738212393803777
712574722119176192
712230483501916160
712060742539710465
711757263896051712
711718590752272384
710951169267408896
710353051542892545
710258993399107584
709678981163802624
709148057334456320
708455473045897217
708099934180892672
707898577616375809
707711860712189953
707447985223954432
707058311175102464
707039163845980162
707014487639875584
706996641320931329
706980253684510720
706977778172755968
705537098376462337
704477926075445248
704124613081460736
702677365093064704
702660968120094720
702659502030491648
702659225793622016
702657762367418368
702655350323834880
702651644538793984
702614430828392449
702363625911095297
700188701553373184
699733889154224128
697949575190048770
696832233311772672
696566806539010048
694657924560523264
693973850762059777
692119858671013888
690025616821870593
689983576583094272
689615938338066433
689587036794281984
689584477501288450
689557955369250816
687156096755089409
685303067835678721
684978805904035840
684968448477106177
684910846229663745
684541167262928897
683828860266258432
683182679437619200
736764631117504513
735709098931429381
735018303807098880
734980252057772032
734633895874985984
734633804191674368
734633297687498752
733771937906888704
733089203722969088
732843403277402113
732406792307646466
731771147734290432
731361821169324032
731359273767211008
730989146630561793
730918746978586625
730894703722303488
730650693204238336
730326385818931200
730292508219965440
729877898954334212
728733252890988544
728083884512927744
728011024889090048
727787601910845441
727744189862137856
727733830875025408
725807160316190720
725671206964346880
725595498950873089
725535175669633025
725497450027311105
725489962767007744
725444723935203328
725293662796656640
725218008365424640
722538118616715264
721889426515697665
721605906807414784
721578980327821313
721565119939915777
721552540798562305
721527879062827008
721494135312556033
721483326024888320
721482584010547200
720795051018682368
720518927202304000
720478221091926016
720471194185637888
720406735211528193
720094209529798657
720077051223379968
719351545104457732
719323258944770048
719316033601835009
719312920195108865
718942333740318720
718227632639193088
717900971775365120
717867003956989952
717582253350498305
717557570878083072
717541969870753797
717509661646163968
717229156065480706
716820632978128896
716820433794826240
716582726128640002
716475420582002688
716404280324976640
716123445042352128
716082659269578752
716041830245203969
715700811603451904