451113267805446144
451098453477949440
451090952937934848
450962423353049089
450955948643733504
450916161752805376
450915013759217665
450899037429190656
450735745243025408
450610542344810496
450609402169397248
450374064964898817
449832377166991361
449830774116585472
449829216465346561
449826820951506944
449813524164792320
449653549643726848
449647954929131520
449374619221643264
449285882252902400
449157706578817024
448907866007949312
448780005112160256
448779034814472192
448561887140397056
448332256860733440
448199622386024448
447989776667271168
447890825649717248
447860685360214016
447834582894010368
447111975013990400
446963908889178112
446749954393255936
446592081452994560
446387946934259712
446008278905286659
445779486186176512
445673913754718208
445646104726863873
445545782553214976
445401859046772736
445401858996457473
445370819883970560
445281889436581888
445156860258029568
445117336681336832
444725002680553472
444677152483868673
444431502554562560
444430105377382400
444429830478508034
444212982193872896
444033241306001408
443850736791977985
443685197217685504
443683633551794176
443489262609375232
443465793812963328
443465117070397440
443341786568617985
443339014708289537
443275978186694656
443114825263374336
442985657611218944
442969506873237505
442953231937703936
442952116521283584
442767290585477120
442762273632059392
442604707047931904
442232048900505600
442231783912787969
442022630519214081
441873784425832448
441870998313259008
441705716340895745
441684984131108864
441677556874756096
441493085239775233
441372953092321280
441315589899182080
441306138542219265
441043985478328320
440995464335208448
440952271065858048
440772224601968640
440678140151889920
440572718908702721
440476459841236992
440406312518959104
440393705950703616
440225237058465793
439998629319696384
439538575676145664
439501476084609024
439286859286335488
439228865136033792
439139954787385344
438785611315421190
438760569999724544
438640511654445056
438427403271303168
438293546622136321
438292700505202688
438292358166089729
438291914501001216
438237210337214464
438095438525509632
438082008879996928
438056122449010689
437688071359066112
437562783597477888
437561848880046080
437561654260150272
437561164952649728
437389594082828288
437325769921277953
436602835187539968
436373425331126272
436240741355237376
436118757455319040
436117915733983232
435878500005056512
435531178007724032
435498333013295104
435338050244079616
435329371352481792
435327602526412800
435325879187558400
435134641411215360
435033275568898048
434960450967449600
434949090665721856
434908571206037504
434427691358748672
434064494516797440
433876314798305281
433819583418351617
433702023939100672
433701639216963584
433339599083954176
433020685158711297
432990890705960960
432976516767834112
432787980655153152
432787089143255041
432613004790988800
432469388382310400
432270556566523904
432058825781170176
432053867446947840
432014523810058241
431915732616499200
431889576148611072
431786937163071489
431528039114375168
431367116399202304
431165238382456832
431020862842478593
430788074537512962
430544901869436928
430439889042427905
430249085828739072
430143457126928384
430137539437936641
430134763349745664
430060356455907328
429914256952147968
429913687936081920
429893903886462976
429552417458233344
429552019955650560
429551238221287424
429352310889009152
429175820167286784
428995747569102849
428990361193967616
428777464740216832
428672019987968001
428309891623968768
428267094229393408
427887682220740608
427814050794573824
427733401307582464
427731751855591424
427642162247790592
427539706042400768
427307219453882368
427256176896532480
426955310557708288
426815106836885504
426692762180661248
426597076697243648
426594466258907136
426458206064234496
426454109085257728
426211029790380032
426093458148040705
425911309696122881
425730198869655553
425410842591764481
425367903660433408
425262284311494657
425260721555771392
424987612747956224
424265049558228993
424092790037831681
424091816539860992
423917875452452864
423555797470420992
423206878391193600
423192427814735872
423042957571129344
423041960232771584
422973484302483456
422963553365405696
422955906733588481
422874324484513792
422815218205741056
422585746084880384
422585746055499776
422465675438080000
422147593301282817
421856914721361920
421743721609445376
421614173345157120
421382048004440064
421019910081642496
420851209226825728
420764159198765056
420759853888307201
420759556415709184
420700122830602240
420656487695142913
420653528420319232
420337347688144896
420279080211451904
419929305452666881
419785079141842944
419431900218798080
419206570187436033
418833972752179200
418827412496211968
418479501027590145
418221600912474112
484083089681829888
484081710620221441
483767138159972352
483704429250887680
483575273024020481
483341862397542400
483166654923145217
483009552586403840
482994245050331136
482830109435363328
482431925634596864
482254822188793857
481907441165430784
481802275363770368
481626739005599745
481550471723622400
481530380139261952
481273196881391617
481182767963992064
481177886116687874
480826623688589312
480824090069315584
480144158095450112
480100127625838593
480093955816976384
479884127533944832
479762994490925056
479741882319515649
479539944151461888
479379037631291392
479367235006246912
479183320375627776
479035954527608833
479018405685915648
478809003321880577
478790326615035906
478663649616080896
478656887593107456
478488049743953921
478291578721951744
478275980302098432
478275703243169792
477922182249451520
477911744711380992
477908907226955777
477567941551333376
477206265001549824
477140257272758273
477140216252469250
476856540758941696
476844417962475522
476744273287979009
476631051486650368
476482341364576256
476104695090798592
475755213308317698
475433982847643648
475404547977121792
475404109705924608
475403352059420672
475377816809529344
475031820514648064
474670121605406722
474662905045336065
474307660758941696
474063736895209472
473945089450860544
473816306026700800
473700404593958912
473582512237985793
473554376418934784
473216259849748480
473195652735045633
472853964627935233
472498306292015104
472496625844490241
472492619730534400
472205389191454720
471811645053087744
471753545038196736
471588571410096128
471582212156977152
471449001267830785
471422989200674818
471394872680022016
471349061694812161
471340303753154560
471116950450745344
471044047919144960
470679384878485504
470654847214448640
470328436238852096
470318378889273345
470252432279080960
469796776296599552
469777936045060096
469776133320626176
469636778350354432
469595252832366592
469503273742139392
469476649474723840
469441462904815616
469432849750581248
469407900864368640
469401727922601984
469400833319518208
469391715456253952
469233674836533248
468919893212270592
468871310924595200
468508805257777152
468232716891082752
468231299119845376
468143016679833601
467916610229907458
467782304086392832
467421014625103872
467319687986937856
467135114586365952
467059483039236096
466953403759722496
466942516252520449
466771982680592385
466701882845822976
466681502638825472
466556821139128320
466553713650196480
466548814157860864
466542967084560384
466542196599304192
466539530393497601
466538556588969984
466534425388265472
466532562840866817
466528665179029505
466528524992794624
466521229461962752
466501674174279680
466498637393301504
466482998876327936
466331772972589056
466320360133373953
466179068937781248
466174291654893568
466046618496954368
465956386665689088
465607317976014849
465487198939127808
465397771881570304
465229752786485249
464868318021578752
464520260763521024
464145651899826176
464003351986704384
463831684949893122
463797135691886593
463653616184619008
463420288680857600
463056473522982912
462862539966005248
462707244841578498
462462560923443200
462232622823796736
462147797743972352
462144425112530944
462143052300029952
462142115401564160
462027527490654208
461983797308047360
461852438408863744
461851837851656193
461607070274707457
461446914341236736
461338228654899200
461328229010137088
461246521871069184
461051997735493632
461043136668504064
461042401411215360
461041278608605184
461040076420435968
461039612270346240
461039006008885248
461037933818961922
461036248652464128
461036057056641024
461035423884509184
461034521735884800
461032691522347008
461028307958374400
461026796863889408
461025244753326081
461024740027559936
461023638410375168
461018667518820352
461015454081753089
461013489247457280
461006138578726912
461002714722603008
461002714437419008
461001957780373504
461000495742468096
460999677999992832
460999431739826177
460998942679773184
460985713475858433
460976760075452417
460970246673661952
460884709313372162
460882114641027073
460749919200874496
460683601005117440
460672109362950144
460611288435929088
460603180061966336
460570214208253954
460518582913617921
460365576821428224
460319149902680064
460047791281012736
460038088354308096
460037824419344385
459794601789116416
459598503946121217
459552089895477248
459416309437333504
459220025430536192
459205728511619072
459056301872791552
458766696451694592
458694150691774465
458579686260350976
458328969142870017
458193133076238336
458190402030288896
457980868527923200
457507994104651776
457314704050774016
457313640543031296
457257789510139904
457149080108425216
456897882860167168
456727285081440256
456726589506473984
456724336364122112
456534224753815552
456415296014667776
456171304970772480
456020021245124608
456004886011064320
455991651064770560
455989163364737024
455980721106984960
455980502361456640
455979198151016448
455979158250606594
455972091624296449
455967726029119489
455967025555181568
455963525341405185
455962639936389120
455962107352084480
455957990755946496
455943106660032512
455935967908466690
455926919771746304
455904158332116993
455903209194659840
455897987659468802
455896941721686016
455869765479702528
455809012186247169
455673771118968832
455673056346656768
455597142988427265
455586266197659648
455444230065115136
454918531478351872
454776492904288259
454721122182103040
454494877481328640
454358823378362368
454157906372333569
453980499263119360
453619232451096577
453491598853021698
453490816057495552
453255578924883969
452998951353188352
452907680529932288
452309260844552193
452184333680668672
451806708487421952
451461003147247616
451323117160263681
517062436109578240
517061932654669824
517061715909828608
516937596250103808
516791084211376129
516699774259458048
516207151673384962
516118435881701376
516045807397527552
516006284462927872
515325039424446464
515259551377924099
515256879442690048
515083151316500480
514885137863958528
514884950827343872
514249112040910849
514189579423711232
514174828790566912
514024570777370624
513605177769611266
513305642967130112
512852329482027008
512771240562421761
512715377231417344
512582373259481088
511853941072465920
511723121556979712
511644849825517568
511423911007748096
511251344879923200
510996185180413952
510985592964788225
510950991387062272
510948695991283712
510939944496295936
510029562831306753
510025207415721984
510023570861207552
510000998102745089
509100481004589056
508947929755697153
508836795912429569
508758236686585856
508599187399655424
508475668833640448
508133688115081216
508115081461121025
508108570571722753
508107466819661824
508092828509941761
508091254979043328
508084411758166016
507795225612271616
507794730512420864
507791249600819200
507791092750626816
507367340426539008
507337015830921216
507296955437834240
506930407518924800
506750054749569024
506708679660281856
506660130130108418
506654410684891136
506643889269116928
506559835819626496
506556589986172928
506363660923457536
506360537685295104
505873065868156928
505872679711162368
505338943785553922
505160317312057344
504874168538505216
504809157837336576
504794139746004992
504793077693693952
504786998964387840
504783445269045248
504158336015556608
504024019780108289
503777464007409664
503687430734495745
503465389863350273
503464059274936320
503167347104829441
503164405928849408
503155054010830848
503147173345648640
503135915749818368
503129005164216320
503125277455572992
503122091516760064
503112061056868352
503111485619326976
503061645564710912
503029326770499584
502925562529472512
502772522685706240
502770996797898752
502548155603644418
502373089762476032
502186524738588673
501822549874180096
501656780892409856
501475339919704066
501203206014529536
501112595047518208
500991900505997312
500991041218965504
500922738324680704
500910645865230336
500750145622126593
500625450779938817
500208549301985281
500026499542827008
499855685396332544
499843568874164224
499678743988690945
499678454372003840
499662048586772481
499661320048746496
499649577637916672
499290964146802688
499006148142325760
499005062408986624
498992663962869760
498943428499996672
498941092859887616
498940185078267904
498928233904369664
498381304040153089
498377321980518400
498376610609786881
498376442413998080
498225029931597824
498215156569346050
498086345986699264
497966702563315712
497837908527939584
497490847605465090
497128291711860736
496750438122012672
496608012954374144
496478630852059136
496403322350227457
496269320616296449
496265681352925185
496250700943613952
496249165362372608
496241348920360960
496240373862129664
496236408797794304
496234253403693056
496204719090434048
496202344283918337
496201381099761664
496199652698357760
496197990369853440
496162048674627584
496090763865112577
495665054193160193
494940795729108993
494841984918384640
494793263178452993
494591493294682113
494316563663564800
494228505581072385
493913884450099200
493865353853026304
493686301812461568
493551008723648513
493526344001531904
493503559552745472
492935349065109504
492929945488719872
492923777257201664
492922839423401984
492922228325888000
492921681594175488
492906373689008128
492764517102026753
492577230812225536
492401638762889217
492311149959184384
492068773650657280
492054451377950720
491897990945046528
491820398447583234
491740052767399936
491677458643845121
491478940129566722
491377710179295232
491329849307693057
491205361605414912
491083177029410818
491079421072130048
491015581097676801
490991079445901312
490985097999314944
490966855583289344
490645689483804672
490630170470924288
490624495716016129
490242324526796800
489879937235820544
489593521155100672
489503328750297088
489409082999066624
489261023044841472
489227344679141376
489202879627272192
489140324363931648
488868116039237633
488777907234697216
488456959473905664
488430462172659712
488149170998374402
488143856865513472
487884934212636672
487884113748054018
487859119244603392
487858195415572480
487856246821617664
487855044755083264
487853393784745984
487852934504251393
487852396861599744
487850937566781440
487850645093744640
487850280617132032
487690959522922496
487520730364399619
487436063426609153
487419089690710016
487418217044779008
487418064061726722
487417382160187392
487405116123652096
487404720206528512
487404025575636992
487402531736137728
487398409192484864
487398090396008448
487376729267109889
487366299408818178
487354955880095744
487354723075244032
487351798252851201
487351342503981056
487351049917706240
487350737886654464
487350618864906240
487350183152201728
487350001090056192
487349655437471745
487347321424715776
487344908320010240
487343368024776704
487328466900353024
487239339600916480
487238878546247681
487238403415474177
487235900355534849
487229061551255552
487226250855849984
487225710264602624
487223913349271552
487223326603886593
487221436822474753
487220637631389697
487219490967412737
487216825449447425
487216407055069184
486980994768330753
486618909064192000
486618374160388096
486303995460591616
486241148617621504
486070741582884865
485893584278003713
485729232832589825
485727408814030848
485563062619881472
485531147196043264
485373275426418689
485342207348449280
484806508950343680
484444066587766785
484292098326163456
550365904807014401
550327080957669378
550325327231066113
550302157337927680
550301468155449345
550232180090499072
550231799860039680
550231386213593088
550231022743191552
550230654432985089
550212944114360320
550212272899891200
550116251138138114
550114631016919041
550114294054928386
550109488435318786
550031287772123136
550009526867353600
550003593047052288
549879763129470976
549879324199776257
549531794400223232
549505471770398720
549504619601096704
549494257371717633
549300535740755969
548979654497800192
548945467766091776
548674648666165249
548414743891808258
548032201602789376
547731802702376961
547711888709009408
547552590968283136
547379341974179841
547379034506547200
546843574948466688
546660949378097152
546620148254142464
546599876042043392
546453807798837249
546307302022582274
545704098381582336
545671070204719105
545516065585762304
545429067583868929
545397353327230976
545353151277056000
545145457681256448
545142872266137602
545073890892845057
544794700117336064
544592810691674112
544454246318354432
544449893188661248
544449722367213568
544449246116605952
544446869913366529
544446151550722049
544017684606631937
543473024226177026
543304482096816128
543303080121344003
543254781888716802
542971184057298944
542969912293994496
542968561275125760
542959096178024448
542784158695567360
542784005989343233
542451865057648641
542264647454167040
542264100328181761
542261382968647680
542260962024120323
542071486790373376
542045307878395904
542045050272620544
541857817854894080
541853988337901569
541852516640509952
541686492951629824
541531441683648513
541408608622092288
541407965538820096
541358505135833089
540460649503920128
540255082038558720
540074467553058816
539893034284904448
539756151932325888
539523256034672641
539387613740687360
539387264250306560
539386477109469184
539385801994297345
539383869292556288
539172639533588480
539017902259593216
538944283693182977
538644318035005440
538641701393285121
538303502947065856
538250394279739392
538248901103329281
538247284689866752
538215718051786753
538073991814971392
537900750056075264
537695203952705536
537688269006573568
537549066557587457
537220858805121024
537121569185611777
536789533346369536
536412801044979712
536333673264476160
536319646723371008
536295847495880704
536152698194624514
536131657447665664
536092631747399680
536031975677521920
536003807931428864
535935618824413184
535730024213516289
535345691430629376
535206073251430400
535056508661141504
535055919986380800
535055543669243905
535055253696020480
535037102556061696
534605427351113728
534111558771560448
533532833373896704
533531887084371968
533530317319991296
533529527402524673
533521363907006466
533518570357936129
533517040246480896
533465232966836225
533223799181672450
533158057312669697
533153663192018945
533147691333591040
533145507237875712
533144383332179968
532867539185827840
532866243779252225
532854264758935554
532640071938084864
532619684965662720
532619219225960448
532616613564928001
532611307132829696
532608155801251840
532501116714356736
532499787841404928
532466276489113600
532417611707854848
532415086829117440
532131010813517824
532115709594071040
532113870488236032
531899977971167232
531762304853884928
531562217951342592
531276224262180866
531264194658582528
530825478861357056
530821804646879232
530810404818395137
530809675076603904
530809152701231105
530807706781626368
530650947119091713
530650216194519040
530459051092500480
530458589404864512
530458421041319936
530353679958671360
530250096881852416
530116002994876416
530104312546865152
530076172642578433
530074752572862464
529854832396361728
529842223827795968
529581142911877121
529392444551348224
529202429410017281
529200290310787072
529184817783390209
529181725734080513
529177961925062656
529000722885406720
528760108440748032
528533917742030848
528533265720676352
528363186919981057
528288071960117248
528152637305126912
528088851378479105
528066073220751363
527775829921501184
527753137948352512
527752570572251136
527673001676771329
527314893150486529
527187495687962624
527186442733117441
527186146934022144
527185654690508800
526826902594396160
526826025338933248
526708636957949952
526704937426628608
526659033709572098
526473624299925504
526473475729276928
525904707265376258
525817347202760704
525744964358008832
525591274292645888
525575064486297600
525516414786879489
525516319450337280
525509548375683072
525415844734451712
525404732077375488
525403419553460224
525393437533548544
525388348844544000
525385855452844032
525380703106908162
525256137965187072
525255355916222465
525168290356658176
525167981949485056
525050765182636032
524673912299216897
524496905435226112
524494316417208321
524167165637709825
524115687208263680
523814304126992384
523428137929961472
523373353550102529
523332677936496641
523190987422576640
523066274184589312
523065600088612864
523035274851266561
523030782130929666
522855462346051584
522719940390842368
522667654079721473
522664178528432128
522662114628886529
522657530002952193
522655298972958720
522653558802358273
522652825738678274
522496123785605120
522491462978523136
522226429828673536
522175338965528576
522154793196732417
522151268274302976
521999092524675072
521977623576993793
521771833167585280
521614220299739136
521587313898319872
521587134327578624
521221241705734144
521116831767994368
520806350478004224
520774307429879808
520523850321125376
520523747506147328
520329862733504512
520329132685537280
519841812999979009
519841470832865280
519840726176108544
519839861583273984
519823098334306304
519818291770966016
519809362135494656
519799541898305536
519797827350716416
519797616184262656
519797240777306112
519792959399555072
519792047645929472
519786368558305280
519751760382943232
519746592786501632
519738711735422977
519729095890849792
519726021080129538
519721326567636992
519717005042016256
519580230290120708
519577255089946624
519576083620839424
519422922486583298
519247653104660480
518710124471271424
518709753120165888
518708982685261825
518687081275486208
518680177803403265
518675907913867265
518667822491131904
518664583326625792
518662680115023874
518518007346106368
518352919314190336
518157252935434241
518156381547814912
517801322276347904
517601624944951296
583350686181507073
583027802410123264
583022906558455809
583021213825404928
583017856310231040
582336326592114688
582294118052696064
582104275137871872
581752173702180865
581749791396249600
581597068138975232
581561625192198144
581226002497474560
581059672905424896
581040736725966848
580808584629350400
580698833476186112
580693621084585984
580300814079524864
580192251965415424
579889618037837824
579769198747996161
579428019938316288
579336172658262017
579013251503001600
578955240382156800
578862575485513729
578858123751899137
578854333669765120
578851031662006272
578847972030484481
578839268803506176
578832533011329024
578825755334828033
578825019133800448
578824367263494144
578824001557917697
578681242045943808
578648780058304514
578647534421352449
578341334773190657
578177224437731328
578116231628075008
577548942180634624
576657184605372416
576651270263443457
576626835565350912
576457894134083584
576320911592198144
576316917541011458
576114482692243456
575581209264259072
575468462241267713
575379193363480576
575245431296360448
575032694637223936
574678707320696832
574335495594885121
574332689907519488
574319963265105920
574318719037407232
574312476218515456
573658087975862272
573348013306851329
572476625427677184
572303953909575682
571671394439725056
571569952852873217
571550117133619201
571476619438632960
571157044712984576
571147665603321856
571043101864652800
571042709869174784
571022166088507392
570823305956970496
570822410301104129
570659631355203584
570578267008143360
570507200101158913
570297261546196992
570116193278824449
569969238821064704
569934909076164608
569795037044674560
569637066125914112
569635973216088064
569631737665310720
569572410229272576
568951556621492225
568947476150898689
568697815469133825
568696247155961857
568693198169583617
568691082554257408
568690330175799296
568684559555911680
568589727068262400
568485380711956481
568360646015729665
568258506605903872
568258286803406848
568150642713194496
568122853096185856
567774866560937984
567773868752764930
567760506938781697
567509600833110017
567398179868401664
567280491338797056
567263049518567424
567176218660065280
567035913436282881
566764463731122176
566673464153493504
566553883887955968
565948603642822657
565664153571176449
565586278809612291
565391072483106817
565223763856216066
565127542466547712
564861443254677505
564668844980338690
564646924079616000
564646765014810625
564499104508563456
563877374819721216
563689265867939840
563599404762820608
563597663442964481
563596773097078786
563594005674336256
563527018797465601
563526791021592576
563411912797327360
563299664691073024
563146389388279809
563049563666518018
562955694287368193
562861274451959808
562827635966083073
562687241232089088
562541190063484928
562394402190934017
562351366996127744
562324825985654784
562155428591575040
562154145570758656
562141730175082496
561962423448383488
561469137285677056
561468408730877953
561467401112276992
561461940833103874
561141436419039233
560911315128954880
560910397570416640
560875183141949440
560769897932668928
560623112438304768
560532028190232576
560531816986050560
560512733997588482
560261069617115138
560150387580080128
560042255851851777
559980223689547778
559976542999048194
559965299475095553
559873941482004482
559854079078178816
559849928168439808
559847594008911872
559846763171835904
559845439399141376
559787971281293312
559783510974529536
559531506951933952
559518881006374913
559462097172434944
559425560355815424
559302803789582336
559293507764887552
558951589906358273
558951534273114112
558950207891574784
558713872794652674
558338531056037888
558209940544704513
558200616384602112
557976204020424704
557794973132005376
557729361680674817
557713005107228672
557702831038545921
557394629025214465
557265140559540224
557251390884433921
557130472447172608
557129007989157889
557055048102854657
556949946952204288
556947917802459137
556774862190960645
556774264775266305
556739059314622464
556693763255332864
556260906217517060
555801879305658369
555583966980620288
555439422850596864
555219043951857665
555161568737247232
555077088999264256
554720820455411712
554714713779499008
554483283161935873
554420854353035264
554402053938626561
554352134028681217
554216572760256512
554199810170171392
554044613191675905
553725517720195072
553523575248793600
553521181039419392
553519817550856194
553394415923134464
553329900594012161
553264974420647937
553160366138458114
553115155136258048
552999417654300672
552997794139889667
552906071816146945
552786218685964290
552763357992714241
552755315842637824
552585370269794304
552584464186896384
552584255109226496
552540134030454785
552324912871129090
552177854943723520
552079030858424321
552077147834052608
552073733066616832
551984785023725568
551852877451255808
551815500838096896
551690645337694210
551689728957747200
551578207468544001
551535024407728128
551114823157555202
550996723217096704
550898630639374336
550637722952425472
616138670337175552
615710474903031808
615595728585408512
615417884194443264
615404447779287040
614321270553907200
614320454866604033
613857003631304704
613483972065017856
613280804655906816
613165955456217088
611609556183945217
608452597188562945
605590373507817472
605313172438814720
605310316184887296
605306536051671041
605285307865395200
605284068188512256
605214670690107392
604996185737134081
604955822909628419
603896461642829824
603114183589105664
603029450637250560
602282180367101954
602266742102994944
602253497891819520
602250240880545792
602112803848126464
602111998483038208
602099351955984385
601535835498905600
601535184987492352
601534434345558016
601313418352537600
601162641956962304
601159351391260672
601146045549051905
600993921334784000
600919391048323072
600859628382085120
600613320253513728
600203277645451264
600095311189528577
599860937550532608
599732244522008576
599524196251631616
599046289330835457
598967158144544768
598613472964780032
598448001363759105
598431794698944513
598391520991969280
598387252721385472
598322898122579968
598251614932111360
598250020043759617
598103519762063362
598033965484609536
597728876186308608
597724513783062528
596987213650366464
596986819075383296
596933950968242176
596892797115858944
596878428357271554
596844192036360193
596840525631623168
596486013536468992
596063575267024896
596048155507982336
596046432982827008
596045705875099649
595338112655429632
595333640889901056
595327544972288001
595196472267657217
595170533110452224
595168172245782528
595163292953284609
595155151599456256
595148530886443008
594692060126384128
594660127120097280
594423261192015874
593762230543384577
593594697576124416
593594616458280960
593594513580392448
593594410941591553
593248759745679361
592961016767467520
591581111865577473
591489851909804032
591489494039154688
591484713665069056
591182148914155520
591180951054495745
591180368255975424
591158662959239169
590677988036993024
590674158574563328
590470266452455424
590452658512625665
590408768250204160
589932909512929280
589731486066200578
589682655978885120
589581963163373568
589318036814835712
589317251465023489
588992417367392256
588929202163822592
588822719283605505
588817344761200640
588804761496858625
588531866967220224
588529160487710720
588528453009285121
588518510822719488
588497507996471296
588447215326089216
588445937921437696
588257905205448704
588078037582786560
588077407912902656
587722917045108736
587722822148993025
587540803032985601
587536255849607170
587513923760365569
587364890832080897
585328622677794817
585020840447582208
584326022989877248
584324736282308608
584308755824680960
584302591892262913
584302029486497792
584301460264914944
584296321760174080
584295148118417409
584293405879996416
584262423038726144
584261153615777792
584228605028212736
584228366447845376
583921194761461760
583850245290909697
583773402877407233
583770548896923648
649207573485219840
649153603278520320
649148737588035584
649144782489423872
649142720452104192
649141855561453568
649141688221327360
649140417745711104
648532650018213888
648404414990970880
646585213468831744
646414060364431360
643929927851446272
642166443132383236
642165507907432448
640819052110151680
640810559793795072
639266531365421056
638169540065497088
634685355665440768
634675148151373824
634669742536552449
634657370874875904
634608827137003520
634509029675532289
634311861349969920
634307298505003008
633860647193739264
633126792769859584
632114003414683648
632107882603917312
632101753484279809
631540788879450112
630453631775420416
630091343746875392
629441051049218048
629112076208701440
628504421949833216
625742684888502272
625476092871086080
625380315901464576
624399575814569984
621934328788881408
621455605576826880
620924847183392769
620910996844969984
620892654562185216
620810626043019265
620426025827090436
619582164737241092
619397507710226432
619219745175433216
618689773058658304
618674828535398400
618275040618917889
618132365617971200
617769985058799618
617561377817800704
617407734552526848
617045282623127552
616750026157457409
682477269562986496
682395848177680384
682354392012472320
682337623923232769
682288800928665600
682152353949036544
682084938489966593
681929302011580417
681927884676567041
681657255595380736
681361284533628928
681203637096329217
681198951178047489
681076103197241346
681074982697316353
680856941103468544
680670369401851904
679747742801854465
679746172999700480
679743051992973312
679610662054539264
679565127549505538
679236185500160000
679171443964305408
679171323717771264
679104154573381632
678887873882406912
678526700553015296
678525502777241600
678427903575482368
678308334223560704
678305491718529025
678301852727795712
678300581702713344
678297760227983360
678029729723785216
678029364102045696
677982156270886912
677672235763634176
677579858168295424
677577513271332864
677573575176421376
677283652082929664
677141114990624768
677054459277500416
676836628229308416
676833413689511937
676824946316738560
676469897350668288
676469480214544385
676347673717301248
675998716742930433
675784795062796288
675783986275221504
675782651010113536
675238876441665538
675219543615217665
675092853039734784
675088402698608640
675055176198324226
675055031821955073
674677881943941120
674676540316119044
674670071663333376
674554853486559233
674426233573085184
673952784945778688
673952460554170368
673950818052136960
673594687152754690
673247308037787649
673032739948367872
672679464552128512
672393796496179200
672137992899719168
671469182479826944
671444083760496640
671313119465967616
671284021972701184
671130840286425089
671052618404249600
670899867372396544
670194784456196096
669967377761611777
669965951148814336
669841157824774144
669722150526279681
669594545437306880
669592954147762176
669353423121223680
669281698996031488
669272862079909888
668874961071697920
668303298831618048
668016062844112896
668015334633291776
667648159661686788
667503966318559232
667425715852324864
667097818415263746
667058377508319232
666922190663651328
666518893142216704
666139939554246656
665630496043327488
665291849251221504
664915656517681152
664914474835402752
664901185917186048
664890350222184448
664886485875752961
664635757487767552
664396213521743872
664166307860869120
663803822226063360
663605186695290881
662067631881519104
661769393534144512
661072897235005440
660441547385667584
659900215856513024
658525320039952384
655960528720891904
655959847519715329
653479705727795200
653284095766560768
651834673899790336
715643195711815680
715640331144826880
715625809172541441
714998073076936705
714553802624344064
714544705539674112
713834961283854336
713477081418477568
713476924413124608
713468536828469248
713467263903399936
713465828121808897
713465060606119936
713298953689673728
713199860896260097
712949430371024896
712913743030538240
712865910122483715
712697649808457728
712601113661423616
712463581686702082
712463138059325441
712359877243437056
712213830043103232
712211518981595136
712210898602074112
712210269171261440
711848869923987457
711508005540356096
711485505536282624
711168379671805952
710960664093663232
710952190513315840
710951484892971008
710950900513132545
710318561856610304
710032053949960192
710028127896883200
710027862590365696
709845018626826242
709829869710934016
709620812630732801
709520565623623680
709153031867076609
709112996396568576
709097955479801856
709097807802535936
708978621839314944
708973954447183872
708970519039598592
708967072026374144
708793631914590208
708163145802514433
708110117678362624
707492367155077121
707485037663375361
707348417354137600
707284006006423552
707279383241707520
707277900978921472
707068115981434881
707029043925782529
706724296454836224
705817706377945088
705726430718472192
705646096580673536
705645138643521536
705133813223927808
704380708177850368
704290740772298752
703338918628831232
703010361809571841
702932767714078720
702930498268430336
701886672472903680
701881799463415808
701355763151691776
700764078277423105
700285028144513024
700284755200225282
700284381240295424
700236253409599488
700234582742818816
700231526827491328
700230589404721152
700214455355846656
700155440466759680
699801451669794817
699363953055412224
699316480865796097
699314421424762880
698958966173208576
698619191574724608
697908102046154752
697863543014592512
697861656940916736
697767626563387392
697695100097265665
697692193595588608
697692095314669568
697691460653613056
697671450992386049
697480937949437952
697302623486017537
697205040503590912
697178412855635969
697010710572761088
697002349806530560
696944598921379840
696903074258952193
696891200368877569
696502502384992257
696482355834286081
696294064111513600
696051264321249280
695728804396818433
695712174337970176
695709810998677504
695541018100240384
695250442696036352
695249815400091648
695116093921193984
694823894268547072
694279323239321600
694250769193652224
694105229269139456
693911757891317760
693701579275268096
693589730554851328
693587333879173120
693159959949762560
692927992058748928
692922599270158337
692761495927595012
692586672853164032
692532439210659841
692519877396033537
692296212012204032
692296097939652608
692281331305308160
692280815078744064
691753925272297472
691046036542894080
690473614894829568
690392668233469952
690375580588609538
690318969635377152
690314776136679424
690257876674183168
690091902247571456
690090827708788736
690088924211974144
690087794929242112
689965869221466112
689961706546667520
689955110370279424
689774284504313857
689679590202060800
689676758740705280
689676478351454208
689674844183474176
689643546597429251
689585308023689216
689552638103322624
689531451201613824
689528601918582784
689524895940612096
689309236564639744
689256748130017280
689033814664871941
688867439065600000
688137305228365824
688135549295575041
688135115436732417
688118562016215041
688117328001679361
687795705449058305
687585572701880320
687584273910530048
687580935752028161
687454955410604032
687374722380607488
687370083480371201
687369079825367040
686721207299784704
686715730763448321
686443882024845313
685926421940666369
685778642387898368
685776995515420672
685413811327602688
685266531295494144
685213133175009280
684832552394211328
684831972921708544
684830421041856512
684456211505270784
684454680907255808
684150928933388289
684095776625065985
684095293529296896
684093978052935680
684092800225292288
683824146573201408
683822415156088832
683815807369916417
683813601405054976
683811221221457920
683787748935745536
683050191750995968
683025556183502848
738134067145674752
738106230514671616
737802805650460674
737249443976597504
737092867919728640
735741190729924609
735591148702420992
735233408398303232
735046282864009217
735044170255998977
735014981712805888
734891131184369664
734833698885902336
734507203793588226
733764466232295424
733401386260406273
733398542249644032
733032394702217216
732860646950375424
732776143669972992
732702482816606209
731805197681315840
731436629496209408
731430267349401600
731004141351264257
731001347743449088
730744009748942849
730384015253868544
730383556824969216
729766148015710208
729498856497414145
728756141816078336
728515615003058181
728515406445432832
728473148702621699
728379821592453121
728201174839496704
728184349904932864
728184026356289537
728178657542295552
728177828844306432
728085637161582592
727578831356223488
727106170964447232
726889561721163776
726099413362315264
725765231847165952
725061670037385216
724711068363161600
724708217175961600
723083558068191232
722741926017937408
722740136530681856
722739812159987712
722739623059783681
722585604110680064
722506771655360514
722261812104658944
721938430477733888
721492885300883456
721311651840917505
721308911752511489
721083568097611777
720706574872805376
720706230482636800
720573528227971072
720362479570653189
720362379150696449
720187333337722880
719702956178681856
719030149073604609
718924857686106112
718358422060691457
718256137720721409
717979990000709633
717938228515315715
717606495353839616
717465628416716800
717308989122301956
717114321965174785
716955323588710400
716947852941860866