449416767341748224
449054873515229184
448696373769011200
448213605192716288
448053085542174720
448052026258116608
448048627659714560
447932289540833280
447932049886683136
447906357170413568
447876856549617664
447876390893801472
446878686751784960
446448548679151616
445376344684118016
444291711557046272
444255806133768192
443628551531544576
443520974403543040
443202510543925249
443186305254436864
443184913395621888
443183527186542592
443182989543874560
443181356324237312
443179255459901441
443168759252258816
443152219886870528
442651214312775682
442648350819487744
442647911352893440
441814073877880832
441389946171961345
441022972338257920
440621280392269824
440305412659630080
439750012952522754
438814776542515200
438813611549413376
438469961212645377
438218323679903745
437839914860695552
437819528886501376
437788169920999424
437728300878688257
436373078528888832
435936358968741888
435636168823439360
435398292542074880
435287835000991744
435238439123161088
435208829152677888
434170372204683264
433808019407646720
433370948230586369
432723856852148225
432688866789576704
432655736208777216
432639146734010370
431592575523233792
431038692237393921
430957373553778688
430841221221584896
430685567433838592
430571920690388993
430143446310191104
429117117875515392
429038431637737472
428774148048191488
428388131058876417
426516368813334528
426246715197251584
425474764875239424
425474428839817216
425385274483306496
423988373477265408
423978833910325248
423648987845890048
422893947661594624
422528128603275264
421409789164285952
421091159260151808
483504384190316544
481799829647925249
481045692514058241
480931849074520064
479101408176660480
479101391181721600
478725550815457280
478706538140663808
478701557785972737
476966170155679744
476915389033488385
476908688242769920
476604017405997056
476240202248118272
474904693920235520
474098170784276480
474013230998618113
473356436773142528
473352561416601600
473346051504476160
470525074248708097
468985814572363776
468237242968727553
467473688376266752
467292434347859968
464232212578058240
463929190090145792
463885868076253184
463121780748455936
459228116058009601
459226978202038272
457662573857341440
457659716689076224
455991870754013184
455989409268002817
455985948921036800
455692888593408000
455561969823928321
453372874678472704
451926936218906624
451521754205544449
451504155140833281
451206133056036864
515301803701706752
514944465325158400
514599469552107520
514333869332787200
514280022568628224
514223422813917184
513910835614216192
511323480709558272
511004327956058112
508951853162594304
508818029954605057
507743323033853952
507330497244966912
505224502364483584
502354408433152000
501339388001808384
500634733198331904
499341704697106434
497223112002265088
497219754378031104
497217449884778496
494999445369401344
494842664802451459
494334307444326401
494330203225591808
494323804428972032
494318355784798208
491836871496851456
491771877195411457
490502546805374977
490498368708177921
490494286652133376
490020186653605889
489310166387396608
488595896834084864
488557055041486849
488553169324998656
488504720760131584
487399027088957440
487121046676328448
487111643080302592
486729438390788096
485621881156812801
485311527059091456
549805951616679936
549075690377596928
549075406632935426
549062709119954944
548303291503755265
547691495768080384
547268362166747136
545504235710717953
545504146040688640
545502529946017792
545485943549853696
545389641927385088
545362190572609536
545338607112687617
545019374629695489
545019082001510400
545017925480886272
545013447365115905
545009959457411072
544690722041917440
543271424257847296
542900486848794624
542793406901010432
540742746508509184
539235767445225472
535611794711396352
535311817900167168
534921693639081984
534896080781996032
534888818717892608
534476679922466816
529402172081844225
527996078767882240
527682241963376641
527214850900897794
525067633213722624
525051897393057792
525036614083702786
524760225132208130
524672806559436800
524437345911595008
524400954251042816
524315532435025920
524009862431113216
524002110325919744
522898600053862400
519979158475382784
519374469752582144
583037650996592640
583017042954960896
582783646307868672
582724266539503617
582099953604038656
581994239401312256
581966576175431680
581672111531532288
581660777892986881
581613510989250560
581609247382880257
581605425990279168
581595103132712960
581322547804839936
581272014956204032
581270764512509952
581269870450356224
581268217378803712
581265699080957953
581264511589572610
581261982516424704
581260674178891776
581253116558970880
581240556820557824
581019882365399042
581019126258257920
581017116968538112
581014291932798976
581012057501253632
581011592206139392
581009026017722368
581003535170416641
581001761239920641
580996775542046720
580993714287341569
580992999083016192
580992520424820737
580991602908262401
580990518408011776
580976497806036992
580938518328905728
580921111971385344
580920154176901122
580915980844572673
580902608778321920
580898257632681984
580878380452573184
580871974186041344
580869713393139712
580699329486151680
580604460084391936
580587535132463104
580583416502054912
580581903092301824
580579888576483328
580577429212782593
580564789233082368
580535844328603648
580516997588471808
580516877941772288
580516326336233472
580515771849261057
580515021861576704
580514099949338625
580509468888317953
580206247774932992
580199518588678144
580174769724743680
580143306325278720
579860964843077633
579842659977719809
579841265245782017
579833528910778368
579561944144838656
579509105250947072
579489002287443968
578713301229658112
578306246232666112
577988354437861376
577669523022725121
577636307473723392
577253054510141440
576571141705342976
576240092978757632
576197194186768384
576163500554383360
575816107426246656
575798273279197184
575504819382788096
575504731562373120
575492996021415937
575209547024986112
575068261567455235
575060953215188993
573259012466204672
573257667000598528
573080954144731136
572694013322633216
572538883008675841
572535964066713602
572495062061490176
571176973751287808
571162949705805824
570885871450263552
570885097009778688
570884245092052992
570883512443674624
570877557131780096
570875693162045440
570874853688913920
570870238687797249
570868800578412544
570866186155479040
570856986654306304
570855398871138304
570853289719308289
570850895849586688
570845743625285632
570841562151673856
570841051193217024
570819933451350016
570815760475381760
570815590463508481
570814588842684416
570814194510995456
570792152235675648
570778784288407553
570710591456694272
570400976667955201
570392496385077248
570335092272267264
570153763652149248
570107576651681792
570054031760080897
570015489398849536
569774591796772864
569607820519170048
569607739799785472
568589727877750784
568564685567627264
568552143889833984
568552022053658624
568258231014809600
568233022983528448
568178689252274176
568178569672671232
568176774200180736
567873640710037504
567848085528793088
567847898433466370
567837451424677888
567836676736749568
567836296619499520
567834166579982336
567833077629595648
567831884434001920
567831686550953985
567827904983261184
567826714924949505
567824144705851392
567823276791078912
567823082276057088
567821952615784448
567821376989499392
567814626961797121
567570358539005952
567565628697878528
567564505354620928
567511377065955328
567505532660244480
567504874862944257
567158659071746048
567147951948963840
567107958434447360
567107851853000706
567107725277278208
567107665646874624
566064977618817024
566057036694441984
566056968629276672
565996361632321537
565771864052482048
565767964755234816
565664180209188864
565658807121248260
565439013872730112
565434069782364160
565433732484833280
565427867124002817
565425924548882432
565425154013274113
565424404776370177
565423242866085888
565417990624399360
565416896431161344
565416577097797633
565415529746538496
565391076362846208
565328180874313730
565282409781141507
565272185196261378
565042612327825408
565028875122802688
565028633107259393
565002456380481538
564998485377028097
564714713062187009
564646924813615105
564646765753016320
564644733826654208
564607967056506880
564604045252239360
564603996891926528
564597331752783872
564596914797023232
564596748299931648
564595795366649857
564595589111746560
564595217953591296
564594451532627968
564593670809079808
564593134995111939
564592284419620865
564591739906707457
564591171683373056
564588624486727682
564588209015762944
564587481270476800
564586464525049856
564584030557839360
564583601258254336
564582697423499265
564581885284589569
564581145929478145
564578907941130241
564578142124142592
564537969143742464
563562493268590593
563508264487616514
563489832782286849
563183964316123136
563178640784240641
563177796105957376
563149772446392323
563149184174288896
563148575131983872
563147971273826304
563146322367500288
563145305428742144
562877738714157056
562876948280799233
562875783149289472
562865332361396224
562848696019456000
562798216409014273
562797550869446656
562797170798370816
562769569555968004
562769250121945088
562766286078611457
562765813489610752
562764914142744577
562764117774458884
562763484782686208
562763257568841729
562755546659684353
562754634151124995
562753861639995392
562752055564304385
562434286205169664
561339442640994305
559945010309656577
559873942937427968
559171328822239233
559156257874259971
558795113061974019
558490607157805056
558427823619440641
558427662415589376
558427484329623552
558427333565378560
558426926411677696
558144568076816384
558138067090169856
558081320107409409
558062085847121920
558062036912209920
557825263904755713
557725222376599553
557697566155214848
557394755110600704
557346973100302336
557346858776145920
557042681516687360
557039668177666048
556932841184198656
556739067443175424
556739065081790465
556383086406295552
556259673230540801
555952834320273408
555946337196576768
555918866069860352
555663298926874625
555648867325079553
555647169365938176
555638876354531328
555637960972828672
555637652968316928
555636681232359424
555635636242096129
555630290236739586
555580625801850880
555560342583902209
555555940637106177
555524631717629952
555521445879894016
555177537635373058
555169826167996416
555167579145138176
554889374195007488
554795112299892736
554770823786299392
554750975672856576
554484231339245568
554419549660278785
554419298341761024
554394881553334272
554392368125059073
554391101063593984
554209901665603584
554201198493204480
554196066661593089
554075294022520832
554033724275564544
553832401341001728
553726718251659264
553668914048421888
553409612507279361
553396811512025089
553394370377162752
553356302210957315
553116435103621120
553108917396717569
553106470246834176
553071506561839105
553046055978541056
553041202509930496
553034671089799168
553024422290800643
553001054036824064
552995656533811201
552981284507488258
552652138867064834
552637843869564928
552577994074914817
552411880237830144
552353953409933315
552323736482091010
552319924824449024
552316248810610688
552299668752048129
552294977053929473
552282792399499264
552275970695368704
552260866088112128
552060070083567618
552058640266297346
552057266048749568
552053385059250177
552050790064332801
552026959417724929
551996167056146432
551953902963159041
551937095128739840
551905852991344640
551904420972490753
551904294371622912
551903724206301184
551903206423662593
551867703527354368
551866549712076800
551866244542914560
551195014437806080
550887579650752512
615745390592266241
615742918666637312
615737845312040960
615734127636168705
615731758978494464
615405256479010816
615377987291205632
615031278924988416
614939891391029248
614683174883340288
614666744192339969
614653424567648256
614650281070956544
614647866766680065
614583749536149504
614304047533654016
614259552050106368
614258114733441024
614245413642702848
614226389353504768
613899532133367808
613860515526348800
613650562945560576
613541294124613632
613529438131654656
613491722274779136
613474436990259200
613292434382917632
613287039883067393
613225581266604033
613186043580432385
613167273872896001
613135757625139200
612809929506856960
612769627622494208
612603377910812672
612092854060584961
612061136310149120
611783761798266880
611740311233167360
611739003260375040
611696580245065728
611690010316775424
611429425549148160
611362812095500288
611066317622239232
610992068979077120
610974180356403200
610970919712874496
610969237574713344
610709338169016320
610620442131472385
610320939318943744
610280818666287104
610261807278727168
608626123761664000
608625416933404672
608622390143275008
608609054596845568
608577023708164096
607711207987027969
607708745137836032
607411896078225408
607027935506251776
606991511880888320
606702385688399872
606687127879970817
606661267185532929
606596674195230721
606330854076497921
606297842681061377
605192244581285888
605189195728977920
605188878626996224
605156148707131392
604166780282630144
604091130981060608
604085452014903297
603794603863584770
603750515189673985
603749289874038784
603423370814840832
603380778517417984
603380520890675200
603363644282306560
603353859331911680
603307280780623873
603070734689239040
603022888237670400
602647449555968000
602414149088518145
602110585862496256
602069092460290049
601978455744446464
601924942389608449
601645036078538753
601623473450979328
601600621574225920
601570800051826688
601554426793500672
601509140121387008
601326983923048448
601312581534371844
601304996823453696
601282622548025344
601238571006218240
601198442627649536
601168282746519552
601153220732461056
601131666598408192
600974349626122242
600934330718953472
600888910902886400
600876175653736448
600836019055890432
600820995914649600
600606973814538240
600580029358088192
600579397276422144
600543503584665601
600504794176835584
600504408066031616
600275059039543296
600262998410690560
600220020782727168
600202107799605249
600191684849344512
600181741320597505
600153956866723840
600130561307381760
600129163899445248
600128647907774465
600123990762369025
600108681691168768
600100202326925312
600096512312479744
599880907475046401
599372493204369408
599079338823307264
598987055696195585
598786172735901696
598709717884538882
598705594858606592
598650291102347264
598644577990483968
598638775305023488
598427849767448576
598390121122103296
598373061750960128
598017762041049088
597954734419501057
595846762868379649
595845903291949057
595845879615135744
595798631191547905
595381269908688896
595111604691206145
594628735254589440
594294113165549568
594030762996830208
594009381886304257
593986402196410368
593981216950394880
593934515254349824
593928167158620161
593907781251375104
593906045736464385
593702892780920832
593692242004602880
593679873513783296
593659625888710656
593639890962776064
593633889236688896
593631443928113152
593611685115531267
593598498353721344
593596931261145088
593592233720291328
593590590220201984
593583685762457600
593581826091962368
593566150971117568
593561883845660672
593540435705995264
593525654085206018
593409825037365248
593394784074469376
593384767661461504
593203889660370944
592587629125890048
592182610668998656
591409431243526144
591402734441537537
590731904074276867
590698067957043203
590390544452292608
590390208266395648
590390002519035904
590389792522698752
590389354662465537
590389344017461248
590043605055758336
589985542864932865
589953373174018048
589723946410516481
589283505185619969
588930874604937216
588928179881947136
588824704892403712
588193884313911297
588158556299333632
588109662068826115
587412513630904320
587409777845788672
587378496407764992
586720372961206273
586111845250965504
586102641308086273
585970721731514370
585604380000419841
585343875193135104
585337522491936768
584890959332298753
584522127040241665
584133338119667712
583826236025110528
583784816388272128
583453046098657280
583443633841373184
583104237556645889
583076332688564224
583061740075651072
649012126498078721
648287351681216516
647577655475314689
646881961290563584
646870604147101696
646191921430310912
644288913083797504
644287339456368640
644281935561289728
644075051927531520
644057671134408704
644046844348264448
644046192247242752
644044117274689536
644043011056369664
644042502643818496
644042265023918080
644040928425066496
644040228798398465
644039010436952064
644037840142098432
644037118944280576
644035324130263040
644034967002025984
644033477063655424
644031416133644288
644029966615736320
644029443414093824
644029097497202688
644028918966710272
644028121067454464
644027221192122368
644024923351056384
644022131601313792
644020027734249472
644017991491960832
644013484808761344
644012153805139968
644009420373016576
644008545726373889
644007827749646336
644007155591475200
644006616346574848
644003245963243520
644002892886769664
644002293579431937
644001227215368192
644000130157412352
643999352193724416
643998610347175936
643997961127600128
643995360558510080
643992758210985984
643991236655849472
643990262759469056
643989717722222592
643988575281881088
643987123796869120
643984938073747456
643983918530695168
643982670133886976
643979923028373504
643979520215773184
643978454430535680
643977174593216512
643976206937886720
643975022147670017
643973586668113920
643973062040416257
643971654473908224
643970938313252864
643969783352979456
643969126533234688
643967674255568896
643966891229343744
643962893009031168
643960480910839808
643959551331446784
643957971085426688
643957379361468416
643955403676499969
643953612796784642
643952413196484608
643952127870529536
643949576492199936
643949021275381761
643937300838154240
643934945342279680
643930417083510784
643928741442285568
643920633949110272
643920399797850112
643919159412195328
643916068642234368
643892143279312897
643694252493549568
643616977076883456
643578756578312193
643259506504388608
643213848812625920
641478819904270336
641433841572388868
639967565008252928
639282869685227520
639272949682323456
639260307236474881
639015474714443776
638840125254840325
638625365359898624
638507045369462784
638502972952051713
638305615324942338
638300699814588416
638299031161016320
638278646566817792
637180905929355264
636726100719218688
636723604802142208
636721074693099520
636703053429653504
635623593028685824
635309418553323520
635292634290909184
635281398790668288
634538496368189440
634161784304336896
633459666442391552
633081291785785344
632431863802544128
632372442464419840
632359660683530241
632006367344218112
631773061994254336
631732408400740352
631665858306174977
631660379299442688
631649028451733504
631623269322350593
631342307371945984
631341753803485184
631330547231424512
631329891854630913
631286646441406465
630563101943943169
630287024038109184
629499799910395904
629497308816756736
629494929014849536
629492279758168065
629183987425091585
629110008815448064
628820344665735169
628532887109775360
628526791091589120
628522360098820096
628520548700585988
628504983894253568
628491158180630528
628429998735663104
628010062578065408
626951803385589760
626926649238491136
626619560670687232
626588298366955520
626575571921825792
626550275298320384
626262358617378816
626250804664647680
626218391179796480
626215692245856256
626213201814945792
626211107624120320
626209371396145153
626180831720153088
625849537492557825
625492110981091328
624753679128727552
624449447813058560
624399947568431104
624387862419632128
624101750153310208
624082857401712640
624057602511470592
624056596113420289
624053827931496448
624053270361669636
624053076026986497
624052771998699520
624050510262202368
624047697545170945
624046545038524416
624046196668018688
624045409803960320
624044733308862464
624044400545411072
624043773555642368
624042384892911616
624041370269827072
624040271492222976
624039954331516928
624039380156428288
624038948973588481
624038567300325376
624038001643892736
624036430847721472
624036069680394240
624034954674991104
624034368659415041
624033856027361280
624033432897622016
624032461505196032
624032325794295808
624031637790064640
624030999706349568
624030340974153728
624021416304717828
624021160078917632
624020070549712896
624019772426956800
624019491442167809
624019004147920896
624018816100466688
624018585443106817
624018002896293888
624017757625937920
624017366872035328
624017074180915200
624016149626261504
624015391061245952
624015047203794944
624014817548832768
624014244686643200
624013982030954496
624013815311568896
624013458535682049
624013108332212225
624012685986758656
624012098826211328
624011821138096128
624010964875087872
624010461441163265
624009825228197888
624008948169883648
624008668963434496
624008351723028480
624007825057038336
624007045612593152
624005931051847680
624005329412452353
624004810761596928
624003845442547712
624003127281192960
624002536060522496
624001693793947649
624001405158731776
624001058000375808
624000566411161601
624000205449400320
623999826670149632
623999390668079106
623998898336477184
623998577119883264
623998096691691520
623997014418653184
623996219338027008
623995311367655427
623990092609138688
623988886746759168
623987501988884481
623985981121650688
623776734484131840
623749866087411712
623671433181405184
623335403672764416
623317835171893249
623279035016155136
623124263717879812
622952944770674688
622624589726810112
621870786157129728
621832305854824448
621494598561611776
621149810150780928
620489203407790080
620046304731918336
619690232418582528
619366830176665600
619330263424708608
619313557218459648
619309197809860608
619296414963748864
619278937995087872
619267571586584580
618952871011336192
618749510576029696
618696697259036672
618676211808645120
618597991381889025
618567661774049280
618244415358935040
617874434897149952
617548553607598081
616917420758970368
616797184403611649
616758736263204864
616413633904570372
682459022725746688
681618392915292161
679245516819922944
679075228929138688
674871065017888768
674518393949519872
674366779108499456
671465130811629569
671206150025682944
669757974521339904
669293350974062592
668682157611728896
668604117997105153
668597369689251840
667437139408396290
667286220330811392
666736398146232321
664259382079700992
663850263862611968
659279688859172864
659278782776217600
659267557103243265
658427991186407424
657083385941114880
657081127182569472
657080842917810176
657079835370516481
657077272059318272
657076358690922496
657075025376231428
657074176092606464
657073711850196992
657072103766646784
657071784177479680
657070650922692608
657069239510020096
656246099460661248
655156725465665536
651887608570601472
651887458146086912
651887375719596032
651887105673576448
651151550958596098
715668501797740544
715430159231266816
715304358716383233
714983737889398785
714944731340365824
714595436544167936
714226519791382528
714222996001398784
713531902259400705
713496448919154688
713491411069304832
713124247309135872
712942705714733056
712904996241604609
712870328381276160
712853852459048960
712820896818274304
712750580570042368
712738212393803777
712574722119176192
712230483501916160
712060742539710465
711757263896051712
711718590752272384
710951169267408896
710353051542892545
710258993399107584
709678981163802624
709148057334456320
708455473045897217
708099934180892672
707898577616375809
707711860712189953
707447985223954432
707058311175102464
707039163845980162
707014487639875584
706996641320931329
706980253684510720
706977778172755968
705537098376462337
704477926075445248
704124613081460736
702677365093064704
702660968120094720
702659502030491648
702659225793622016
702657762367418368
702655350323834880
702651644538793984
702614430828392449
702363625911095297
700188701553373184
699733889154224128
697949575190048770
696832233311772672
696566806539010048
694657924560523264
693973850762059777
692119858671013888
690025616821870593
689983576583094272
689615938338066433
689587036794281984
689584477501288450
689557955369250816
687156096755089409
685303067835678721
684978805904035840
684968448477106177
684910846229663745
684541167262928897
683828860266258432
683182679437619200
736764631117504513
735709098931429381
735018303807098880
734980252057772032
734633895874985984
734633804191674368
734633297687498752
733771937906888704
733089203722969088
732843403277402113
732406792307646466
731771147734290432
731361821169324032
731359273767211008
730989146630561793
730918746978586625
730894703722303488
730650693204238336
730326385818931200
730292508219965440
729877898954334212
728733252890988544
728083884512927744
728011024889090048
727787601910845441
727744189862137856
727733830875025408
725807160316190720
725671206964346880
725595498950873089
725535175669633025
725497450027311105
725489962767007744
725444723935203328
725293662796656640
725218008365424640
722538118616715264
721889426515697665
721605906807414784
721578980327821313
721565119939915777
721552540798562305
721527879062827008
721494135312556033
721483326024888320
721482584010547200
720795051018682368
720518927202304000
720478221091926016
720471194185637888
720406735211528193
720094209529798657
720077051223379968
719351545104457732
719323258944770048
719316033601835009
719312920195108865
718942333740318720
718227632639193088
717900971775365120
717867003956989952
717582253350498305
717557570878083072
717541969870753797
717509661646163968
717229156065480706
716820632978128896
716820433794826240
716582726128640002
716475420582002688
716404280324976640
716123445042352128
716082659269578752
716041830245203969
715700811603451904
451113267805446144
451098453477949440
451090952937934848
450962423353049089
450955948643733504
450916161752805376
450915013759217665
450899037429190656
450735745243025408
450610542344810496
450609402169397248
450374064964898817
449832377166991361
449830774116585472
449829216465346561
449826820951506944
449813524164792320
449653549643726848
449647954929131520
449374619221643264
449285882252902400
449157706578817024
448907866007949312
448780005112160256
448779034814472192
448561887140397056
448332256860733440
448199622386024448
447989776667271168
447890825649717248
447860685360214016
447834582894010368
447111975013990400
446963908889178112
446749954393255936
446592081452994560
446387946934259712
446008278905286659
445779486186176512
445673913754718208
445646104726863873
445545782553214976
445401859046772736
445401858996457473
445370819883970560
445281889436581888
445156860258029568
445117336681336832
444725002680553472
444677152483868673
444431502554562560
444430105377382400
444429830478508034
444212982193872896
444033241306001408
443850736791977985
443685197217685504
443683633551794176
443489262609375232
443465793812963328
443465117070397440
443341786568617985
443339014708289537
443275978186694656
443114825263374336
442985657611218944
442969506873237505
442953231937703936
442952116521283584
442767290585477120
442762273632059392
442604707047931904
442232048900505600
442231783912787969
442022630519214081
441873784425832448
441870998313259008
441705716340895745
441684984131108864
441677556874756096
441493085239775233
441372953092321280
441315589899182080
441306138542219265
441043985478328320
440995464335208448
440952271065858048
440772224601968640
440678140151889920
440572718908702721
440476459841236992
440406312518959104
440393705950703616
440225237058465793
439998629319696384
439538575676145664
439501476084609024
439286859286335488
439228865136033792
439139954787385344
438785611315421190
438760569999724544
438640511654445056
438427403271303168
438293546622136321
438292700505202688
438292358166089729
438291914501001216
438237210337214464
438095438525509632
438082008879996928
438056122449010689
437688071359066112
437562783597477888
437561848880046080
437561654260150272
437561164952649728
437389594082828288
437325769921277953
436602835187539968
436373425331126272
436240741355237376
436118757455319040
436117915733983232
435878500005056512
435531178007724032
435498333013295104
435338050244079616
435329371352481792
435327602526412800
435325879187558400
435134641411215360
435033275568898048
434960450967449600
434949090665721856
434908571206037504
434427691358748672
434064494516797440
433876314798305281
433819583418351617
433702023939100672
433701639216963584
433339599083954176
433020685158711297
432990890705960960
432976516767834112
432787980655153152
432787089143255041
432613004790988800
432469388382310400
432270556566523904
432058825781170176
432053867446947840
432014523810058241
431915732616499200
431889576148611072
431786937163071489
431528039114375168
431367116399202304
431165238382456832
431020862842478593
430788074537512962
430544901869436928
430439889042427905
430249085828739072
430143457126928384
430137539437936641
430134763349745664
430060356455907328
429914256952147968
429913687936081920
429893903886462976
429552417458233344
429552019955650560
429551238221287424
429352310889009152
429175820167286784
428995747569102849
428990361193967616
428777464740216832
428672019987968001
428309891623968768
428267094229393408
427887682220740608
427814050794573824
427733401307582464
427731751855591424
427642162247790592
427539706042400768
427307219453882368
427256176896532480
426955310557708288
426815106836885504
426692762180661248
426597076697243648
426594466258907136
426458206064234496
426454109085257728
426211029790380032
426093458148040705
425911309696122881
425730198869655553
425410842591764481
425367903660433408
425262284311494657
425260721555771392
424987612747956224
424265049558228993
424092790037831681
424091816539860992
423917875452452864
423555797470420992
423206878391193600
423192427814735872
423042957571129344
423041960232771584
422973484302483456
422963553365405696
422955906733588481
422874324484513792
422815218205741056
422585746084880384
422585746055499776
422465675438080000
422147593301282817
421856914721361920
421743721609445376
421614173345157120
421382048004440064
421019910081642496
420851209226825728
420764159198765056
420759853888307201
420759556415709184
420700122830602240
420656487695142913
420653528420319232
420337347688144896
420279080211451904
419929305452666881
419785079141842944
419431900218798080
419206570187436033
418833972752179200
418827412496211968
418479501027590145
418221600912474112
484083089681829888
484081710620221441
483767138159972352
483704429250887680
483575273024020481
483341862397542400
483166654923145217
483009552586403840
482994245050331136
482830109435363328
482431925634596864
482254822188793857
481907441165430784
481802275363770368
481626739005599745
481550471723622400
481530380139261952
481273196881391617
481182767963992064
481177886116687874
480826623688589312
480824090069315584
480144158095450112
480100127625838593
480093955816976384
479884127533944832
479762994490925056
479741882319515649
479539944151461888
479379037631291392
479367235006246912
479183320375627776
479035954527608833
479018405685915648
478809003321880577
478790326615035906
478663649616080896
478656887593107456
478488049743953921
478291578721951744
478275980302098432
478275703243169792
477922182249451520
477911744711380992
477908907226955777
477567941551333376
477206265001549824
477140257272758273
477140216252469250
476856540758941696
476844417962475522
476744273287979009
476631051486650368
476482341364576256
476104695090798592
475755213308317698
475433982847643648
475404547977121792
475404109705924608
475403352059420672
475377816809529344
475031820514648064
474670121605406722
474662905045336065
474307660758941696
474063736895209472
473945089450860544
473816306026700800
473700404593958912
473582512237985793
473554376418934784
473216259849748480
473195652735045633
472853964627935233
472498306292015104
472496625844490241
472492619730534400
472205389191454720
471811645053087744
471753545038196736
471588571410096128
471582212156977152
471449001267830785
471422989200674818
471394872680022016
471349061694812161
471340303753154560
471116950450745344
471044047919144960
470679384878485504
470654847214448640
470328436238852096
470318378889273345
470252432279080960
469796776296599552
469777936045060096
469776133320626176
469636778350354432
469595252832366592
469503273742139392
469476649474723840
469441462904815616
469432849750581248
469407900864368640
469401727922601984
469400833319518208
469391715456253952
469233674836533248
468919893212270592
468871310924595200
468508805257777152
468232716891082752
468231299119845376
468143016679833601
467916610229907458
467782304086392832
467421014625103872
467319687986937856
467135114586365952
467059483039236096
466953403759722496
466942516252520449
466771982680592385
466701882845822976
466681502638825472
466556821139128320
466553713650196480
466548814157860864
466542967084560384
466542196599304192
466539530393497601
466538556588969984
466534425388265472
466532562840866817
466528665179029505
466528524992794624
466521229461962752
466501674174279680
466498637393301504
466482998876327936
466331772972589056
466320360133373953
466179068937781248
466174291654893568
466046618496954368
465956386665689088
465607317976014849
465487198939127808
465397771881570304
465229752786485249
464868318021578752
464520260763521024
464145651899826176
464003351986704384
463831684949893122
463797135691886593
463653616184619008
463420288680857600
463056473522982912
462862539966005248
462707244841578498
462462560923443200
462232622823796736
462147797743972352
462144425112530944
462143052300029952
462142115401564160
462027527490654208
461983797308047360
461852438408863744
461851837851656193
461607070274707457
461446914341236736
461338228654899200
461328229010137088
461246521871069184
461051997735493632
461043136668504064
461042401411215360
461041278608605184
461040076420435968
461039612270346240
461039006008885248
461037933818961922
461036248652464128
461036057056641024
461035423884509184
461034521735884800
461032691522347008
461028307958374400
461026796863889408
461025244753326081
461024740027559936
461023638410375168
461018667518820352
461015454081753089
461013489247457280
461006138578726912
461002714722603008
461002714437419008
461001957780373504
461000495742468096
460999677999992832
460999431739826177
460998942679773184
460985713475858433
460976760075452417
460970246673661952
460884709313372162
460882114641027073
460749919200874496
460683601005117440
460672109362950144
460611288435929088
460603180061966336
460570214208253954
460518582913617921
460365576821428224
460319149902680064
460047791281012736
460038088354308096
460037824419344385
459794601789116416
459598503946121217
459552089895477248
459416309437333504
459220025430536192
459205728511619072
459056301872791552
458766696451694592
458694150691774465
458579686260350976
458328969142870017
458193133076238336
458190402030288896
457980868527923200
457507994104651776
457314704050774016
457313640543031296
457257789510139904
457149080108425216
456897882860167168
456727285081440256
456726589506473984
456724336364122112
456534224753815552
456415296014667776
456171304970772480
456020021245124608
456004886011064320
455991651064770560
455989163364737024
455980721106984960
455980502361456640
455979198151016448
455979158250606594
455972091624296449
455967726029119489
455967025555181568
455963525341405185
455962639936389120
455962107352084480
455957990755946496
455943106660032512
455935967908466690
455926919771746304
455904158332116993
455903209194659840
455897987659468802
455896941721686016
455869765479702528
455809012186247169
455673771118968832
455673056346656768
455597142988427265
455586266197659648
455444230065115136
454918531478351872
454776492904288259
454721122182103040
454494877481328640
454358823378362368
454157906372333569
453980499263119360
453619232451096577
453491598853021698
453490816057495552
453255578924883969
452998951353188352
452907680529932288
452309260844552193
452184333680668672
451806708487421952
451461003147247616
451323117160263681
517062436109578240
517061932654669824
517061715909828608
516937596250103808
516791084211376129
516699774259458048
516207151673384962
516118435881701376
516045807397527552
516006284462927872
515325039424446464
515259551377924099
515256879442690048
515083151316500480
514885137863958528
514884950827343872
514249112040910849
514189579423711232
514174828790566912
514024570777370624
513605177769611266
513305642967130112
512852329482027008
512771240562421761
512715377231417344
512582373259481088
511853941072465920
511723121556979712
511644849825517568
511423911007748096
511251344879923200
510996185180413952
510985592964788225
510950991387062272
510948695991283712
510939944496295936
510029562831306753
510025207415721984
510023570861207552
510000998102745089
509100481004589056
508947929755697153
508836795912429569
508758236686585856
508599187399655424
508475668833640448
508133688115081216
508115081461121025
508108570571722753
508107466819661824
508092828509941761
508091254979043328
508084411758166016
507795225612271616
507794730512420864
507791249600819200
507791092750626816
507367340426539008
507337015830921216
507296955437834240
506930407518924800
506750054749569024
506708679660281856
506660130130108418
506654410684891136
506643889269116928
506559835819626496
506556589986172928
506363660923457536
506360537685295104
505873065868156928
505872679711162368
505338943785553922
505160317312057344
504874168538505216
504809157837336576
504794139746004992
504793077693693952
504786998964387840
504783445269045248
504158336015556608
504024019780108289
503777464007409664
503687430734495745
503465389863350273
503464059274936320
503167347104829441
503164405928849408
503155054010830848
503147173345648640
503135915749818368
503129005164216320
503125277455572992
503122091516760064
503112061056868352
503111485619326976
503061645564710912
503029326770499584
502925562529472512
502772522685706240
502770996797898752
502548155603644418
502373089762476032
502186524738588673
501822549874180096
501656780892409856
501475339919704066
501203206014529536
501112595047518208
500991900505997312
500991041218965504
500922738324680704
500910645865230336
500750145622126593
500625450779938817
500208549301985281
500026499542827008
499855685396332544
499843568874164224
499678743988690945
499678454372003840
499662048586772481
499661320048746496
499649577637916672
499290964146802688
499006148142325760
499005062408986624
498992663962869760
498943428499996672
498941092859887616
498940185078267904
498928233904369664
498381304040153089
498377321980518400
498376610609786881
498376442413998080
498225029931597824
498215156569346050
498086345986699264
497966702563315712
497837908527939584
497490847605465090
497128291711860736
496750438122012672
496608012954374144
496478630852059136
496403322350227457
496269320616296449
496265681352925185
496250700943613952
496249165362372608
496241348920360960
496240373862129664
496236408797794304
496234253403693056
496204719090434048
496202344283918337
496201381099761664
496199652698357760
496197990369853440
496162048674627584
496090763865112577
495665054193160193
494940795729108993
494841984918384640
494793263178452993
494591493294682113
494316563663564800
494228505581072385
493913884450099200
493865353853026304
493686301812461568
493551008723648513
493526344001531904
493503559552745472
492935349065109504
492929945488719872
492923777257201664
492922839423401984
492922228325888000
492921681594175488
492906373689008128
492764517102026753
492577230812225536
492401638762889217
492311149959184384
492068773650657280
492054451377950720
491897990945046528
491820398447583234
491740052767399936
491677458643845121
491478940129566722
491377710179295232
491329849307693057
491205361605414912
491083177029410818
491079421072130048
491015581097676801
490991079445901312
490985097999314944
490966855583289344
490645689483804672
490630170470924288
490624495716016129
490242324526796800
489879937235820544
489593521155100672
489503328750297088
489409082999066624
489261023044841472
489227344679141376
489202879627272192
489140324363931648
488868116039237633
488777907234697216
488456959473905664
488430462172659712
488149170998374402
488143856865513472
487884934212636672
487884113748054018
487859119244603392
487858195415572480
487856246821617664
487855044755083264
487853393784745984
487852934504251393
487852396861599744
487850937566781440
487850645093744640
487850280617132032
487690959522922496
487520730364399619
487436063426609153
487419089690710016
487418217044779008
487418064061726722
487417382160187392
487405116123652096
487404720206528512
487404025575636992
487402531736137728
487398409192484864
487398090396008448
487376729267109889
487366299408818178
487354955880095744
487354723075244032
487351798252851201
487351342503981056
487351049917706240
487350737886654464
487350618864906240
487350183152201728
487350001090056192
487349655437471745
487347321424715776
487344908320010240
487343368024776704
487328466900353024
487239339600916480
487238878546247681
487238403415474177
487235900355534849
487229061551255552
487226250855849984
487225710264602624
487223913349271552
487223326603886593
487221436822474753
487220637631389697
487219490967412737
487216825449447425
487216407055069184
486980994768330753
486618909064192000
486618374160388096
486303995460591616
486241148617621504
486070741582884865
485893584278003713
485729232832589825
485727408814030848
485563062619881472
485531147196043264
485373275426418689
485342207348449280
484806508950343680
484444066587766785
484292098326163456
550365904807014401
550327080957669378
550325327231066113
550302157337927680
550301468155449345
550232180090499072
550231799860039680
550231386213593088
550231022743191552
550230654432985089
550212944114360320
550212272899891200
550116251138138114
550114631016919041
550114294054928386
550109488435318786
550031287772123136
550009526867353600
550003593047052288
549879763129470976
549879324199776257
549531794400223232
549505471770398720
549504619601096704
549494257371717633
549300535740755969
548979654497800192
548945467766091776
548674648666165249
548414743891808258
548032201602789376
547731802702376961
547711888709009408
547552590968283136
547379341974179841
547379034506547200
546843574948466688
546660949378097152
546620148254142464
546599876042043392
546453807798837249
546307302022582274
545704098381582336
545671070204719105
545516065585762304
545429067583868929
545397353327230976
545353151277056000
545145457681256448
545142872266137602
545073890892845057
544794700117336064
544592810691674112
544454246318354432
544449893188661248
544449722367213568
544449246116605952
544446869913366529
544446151550722049
544017684606631937
543473024226177026
543304482096816128
543303080121344003
543254781888716802
542971184057298944
542969912293994496
542968561275125760
542959096178024448
542784158695567360
542784005989343233
542451865057648641
542264647454167040
542264100328181761
542261382968647680
542260962024120323
542071486790373376
542045307878395904
542045050272620544
541857817854894080
541853988337901569
541852516640509952
541686492951629824
541531441683648513
541408608622092288
541407965538820096
541358505135833089
540460649503920128
540255082038558720
540074467553058816
539893034284904448
539756151932325888
539523256034672641
539387613740687360
539387264250306560
539386477109469184
539385801994297345
539383869292556288
539172639533588480
539017902259593216
538944283693182977
538644318035005440
538641701393285121
538303502947065856
538250394279739392
538248901103329281
538247284689866752
538215718051786753
538073991814971392
537900750056075264
537695203952705536
537688269006573568
537549066557587457
537220858805121024
537121569185611777
536789533346369536
536412801044979712
536333673264476160
536319646723371008
536295847495880704
536152698194624514
536131657447665664
536092631747399680
536031975677521920
536003807931428864
535935618824413184
535730024213516289
535345691430629376
535206073251430400
535056508661141504
535055919986380800
535055543669243905
535055253696020480
535037102556061696
534605427351113728
534111558771560448
533532833373896704
533531887084371968
533530317319991296
533529527402524673
533521363907006466
533518570357936129
533517040246480896
533465232966836225
533223799181672450
533158057312669697
533153663192018945
533147691333591040
533145507237875712
533144383332179968
532867539185827840
532866243779252225
532854264758935554
532640071938084864
532619684965662720
532619219225960448
532616613564928001
532611307132829696
532608155801251840
532501116714356736
532499787841404928
532466276489113600
532417611707854848
532415086829117440
532131010813517824
532115709594071040
532113870488236032
531899977971167232
531762304853884928
531562217951342592
531276224262180866
531264194658582528
530825478861357056
530821804646879232
530810404818395137
530809675076603904
530809152701231105
530807706781626368
530650947119091713
530650216194519040
530459051092500480
530458589404864512
530458421041319936
530353679958671360
530250096881852416
530116002994876416
530104312546865152
530076172642578433
530074752572862464
529854832396361728
529842223827795968
529581142911877121
529392444551348224
529202429410017281
529200290310787072
529184817783390209
529181725734080513
529177961925062656
529000722885406720
528760108440748032
528533917742030848
528533265720676352
528363186919981057
528288071960117248
528152637305126912
528088851378479105
528066073220751363
527775829921501184
527753137948352512
527752570572251136
527673001676771329
527314893150486529
527187495687962624
527186442733117441
527186146934022144
527185654690508800
526826902594396160
526826025338933248
526708636957949952
526704937426628608
526659033709572098
526473624299925504
526473475729276928
525904707265376258
525817347202760704
525744964358008832
525591274292645888
525575064486297600
525516414786879489
525516319450337280
525509548375683072
525415844734451712
525404732077375488
525403419553460224
525393437533548544
525388348844544000
525385855452844032
525380703106908162
525256137965187072
525255355916222465
525168290356658176
525167981949485056
525050765182636032
524673912299216897
524496905435226112
524494316417208321
524167165637709825
524115687208263680
523814304126992384
523428137929961472
523373353550102529
523332677936496641
523190987422576640
523066274184589312
523065600088612864
523035274851266561
523030782130929666
522855462346051584
522719940390842368
522667654079721473
522664178528432128
522662114628886529
522657530002952193
522655298972958720
522653558802358273
522652825738678274
522496123785605120
522491462978523136
522226429828673536
522175338965528576
522154793196732417
522151268274302976
521999092524675072
521977623576993793
521771833167585280
521614220299739136
521587313898319872
521587134327578624
521221241705734144
521116831767994368
520806350478004224
520774307429879808
520523850321125376
520523747506147328
520329862733504512
520329132685537280
519841812999979009
519841470832865280
519840726176108544
519839861583273984
519823098334306304
519818291770966016
519809362135494656
519799541898305536
519797827350716416
519797616184262656
519797240777306112
519792959399555072
519792047645929472
519786368558305280
519751760382943232
519746592786501632
519738711735422977
519729095890849792
519726021080129538
519721326567636992
519717005042016256
519580230290120708
519577255089946624
519576083620839424
519422922486583298
519247653104660480
518710124471271424
518709753120165888
518708982685261825
518687081275486208
518680177803403265
518675907913867265
518667822491131904
518664583326625792
518662680115023874
518518007346106368
518352919314190336
518157252935434241
518156381547814912
517801322276347904
517601624944951296
583350686181507073
583027802410123264
583022906558455809
583021213825404928
583017856310231040
582336326592114688
582294118052696064
582104275137871872
581752173702180865
581749791396249600
581597068138975232
581561625192198144
581226002497474560
581059672905424896
581040736725966848
580808584629350400
580698833476186112
580693621084585984
580300814079524864
580192251965415424
579889618037837824
579769198747996161
579428019938316288
579336172658262017
579013251503001600
578955240382156800
578862575485513729
578858123751899137
578854333669765120
578851031662006272
578847972030484481
578839268803506176
578832533011329024
578825755334828033
578825019133800448
578824367263494144
578824001557917697
578681242045943808
578648780058304514
578647534421352449
578341334773190657
578177224437731328
578116231628075008
577548942180634624
576657184605372416
576651270263443457
576626835565350912
576457894134083584
576320911592198144
576316917541011458
576114482692243456
575581209264259072
575468462241267713
575379193363480576
575245431296360448
575032694637223936
574678707320696832
574335495594885121
574332689907519488
574319963265105920
574318719037407232
574312476218515456
573658087975862272
573348013306851329
572476625427677184
572303953909575682
571671394439725056
571569952852873217
571550117133619201
571476619438632960
571157044712984576
571147665603321856
571043101864652800
571042709869174784
571022166088507392
570823305956970496
570822410301104129
570659631355203584
570578267008143360
570507200101158913
570297261546196992
570116193278824449
569969238821064704
569934909076164608
569795037044674560
569637066125914112
569635973216088064
569631737665310720
569572410229272576
568951556621492225
568947476150898689
568697815469133825
568696247155961857
568693198169583617
568691082554257408
568690330175799296
568684559555911680
568589727068262400
568485380711956481
568360646015729665
568258506605903872
568258286803406848
568150642713194496
568122853096185856
567774866560937984
567773868752764930
567760506938781697
567509600833110017
567398179868401664
567280491338797056
567263049518567424
567176218660065280
567035913436282881
566764463731122176
566673464153493504
566553883887955968
565948603642822657
565664153571176449
565586278809612291
565391072483106817
565223763856216066
565127542466547712
564861443254677505
564668844980338690
564646924079616000
564646765014810625
564499104508563456
563877374819721216
563689265867939840
563599404762820608
563597663442964481
563596773097078786
563594005674336256
563527018797465601
563526791021592576
563411912797327360
563299664691073024
563146389388279809
563049563666518018
562955694287368193
562861274451959808
562827635966083073
562687241232089088
562541190063484928
562394402190934017
562351366996127744
562324825985654784
562155428591575040
562154145570758656
562141730175082496
561962423448383488
561469137285677056
561468408730877953
561467401112276992
561461940833103874
561141436419039233
560911315128954880
560910397570416640
560875183141949440
560769897932668928
560623112438304768
560532028190232576
560531816986050560
560512733997588482
560261069617115138
560150387580080128
560042255851851777
559980223689547778
559976542999048194
559965299475095553
559873941482004482
559854079078178816
559849928168439808
559847594008911872
559846763171835904
559845439399141376
559787971281293312
559783510974529536
559531506951933952
559518881006374913
559462097172434944
559425560355815424
559302803789582336
559293507764887552
558951589906358273
558951534273114112
558950207891574784
558713872794652674
558338531056037888
558209940544704513
558200616384602112
557976204020424704
557794973132005376
557729361680674817
557713005107228672
557702831038545921
557394629025214465
557265140559540224
557251390884433921
557130472447172608
557129007989157889
557055048102854657
556949946952204288
556947917802459137
556774862190960645
556774264775266305
556739059314622464
556693763255332864
556260906217517060
555801879305658369
555583966980620288
555439422850596864
555219043951857665
555161568737247232
555077088999264256
554720820455411712
554714713779499008
554483283161935873
554420854353035264
554402053938626561
554352134028681217
554216572760256512
554199810170171392
554044613191675905
553725517720195072
553523575248793600
553521181039419392
553519817550856194
553394415923134464
553329900594012161
553264974420647937
553160366138458114
553115155136258048
552999417654300672
552997794139889667
552906071816146945
552786218685964290
552763357992714241
552755315842637824
552585370269794304
552584464186896384
552584255109226496
552540134030454785
552324912871129090
552177854943723520
552079030858424321
552077147834052608
552073733066616832
551984785023725568
551852877451255808
551815500838096896
551690645337694210
551689728957747200
551578207468544001
551535024407728128
551114823157555202
550996723217096704
550898630639374336
550637722952425472
616138670337175552
615710474903031808
615595728585408512
615417884194443264
615404447779287040
614321270553907200
614320454866604033
613857003631304704
613483972065017856
613280804655906816
613165955456217088
611609556183945217
608452597188562945
605590373507817472
605313172438814720
605310316184887296
605306536051671041
605285307865395200
605284068188512256
605214670690107392
604996185737134081
604955822909628419
603896461642829824
603114183589105664
603029450637250560
602282180367101954
602266742102994944
602253497891819520
602250240880545792
602112803848126464
602111998483038208
602099351955984385
601535835498905600
601535184987492352
601534434345558016
601313418352537600
601162641956962304
601159351391260672
601146045549051905
600993921334784000
600919391048323072
600859628382085120
600613320253513728
600203277645451264
600095311189528577
599860937550532608
599732244522008576
599524196251631616
599046289330835457
598967158144544768
598613472964780032
598448001363759105
598431794698944513
598391520991969280
598387252721385472
598322898122579968
598251614932111360
598250020043759617
598103519762063362
598033965484609536
597728876186308608
597724513783062528
596987213650366464
596986819075383296
596933950968242176
596892797115858944
596878428357271554
596844192036360193
596840525631623168
596486013536468992
596063575267024896
596048155507982336
596046432982827008
596045705875099649
595338112655429632
595333640889901056
595327544972288001
595196472267657217
595170533110452224
595168172245782528
595163292953284609
595155151599456256
595148530886443008
594692060126384128
594660127120097280
594423261192015874
593762230543384577
593594697576124416
593594616458280960
593594513580392448
593594410941591553
593248759745679361
592961016767467520
591581111865577473
591489851909804032
591489494039154688
591484713665069056
591182148914155520
591180951054495745
591180368255975424
591158662959239169
590677988036993024
590674158574563328
590470266452455424
590452658512625665
590408768250204160
589932909512929280
589731486066200578
589682655978885120
589581963163373568
589318036814835712
589317251465023489
588992417367392256
588929202163822592
588822719283605505
588817344761200640
588804761496858625
588531866967220224
588529160487710720
588528453009285121
588518510822719488
588497507996471296
588447215326089216
588445937921437696
588257905205448704
588078037582786560
588077407912902656
587722917045108736
587722822148993025
587540803032985601
587536255849607170
587513923760365569
587364890832080897
585328622677794817
585020840447582208
584326022989877248
584324736282308608
584308755824680960
584302591892262913
584302029486497792
584301460264914944
584296321760174080
584295148118417409
584293405879996416
584262423038726144
584261153615777792
584228605028212736
584228366447845376
583921194761461760
583850245290909697
583773402877407233
583770548896923648
649207573485219840
649153603278520320
649148737588035584
649144782489423872
649142720452104192
649141855561453568
649141688221327360
649140417745711104
648532650018213888
648404414990970880
646585213468831744
646414060364431360
643929927851446272
642166443132383236
642165507907432448
640819052110151680
640810559793795072
639266531365421056
638169540065497088
634685355665440768
634675148151373824
634669742536552449
634657370874875904
634608827137003520
634509029675532289
634311861349969920
634307298505003008
633860647193739264
633126792769859584
632114003414683648
632107882603917312
632101753484279809
631540788879450112
630453631775420416
630091343746875392
629441051049218048
629112076208701440
628504421949833216
625742684888502272
625476092871086080
625380315901464576
624399575814569984
621934328788881408
621455605576826880
620924847183392769
620910996844969984
620892654562185216
620810626043019265
620426025827090436
619582164737241092
619397507710226432
619219745175433216
618689773058658304
618674828535398400
618275040618917889
618132365617971200
617769985058799618
617561377817800704
617407734552526848
617045282623127552
616750026157457409
682477269562986496
682395848177680384
682354392012472320
682337623923232769
682288800928665600
682152353949036544
682084938489966593
681929302011580417
681927884676567041
681657255595380736
681361284533628928
681203637096329217
681198951178047489
681076103197241346
681074982697316353
680856941103468544
680670369401851904
679747742801854465
679746172999700480
679743051992973312
679610662054539264
679565127549505538
679236185500160000
679171443964305408
679171323717771264
679104154573381632
678887873882406912
678526700553015296
678525502777241600
678427903575482368
678308334223560704
678305491718529025
678301852727795712
678300581702713344
678297760227983360
678029729723785216
678029364102045696
677982156270886912
677672235763634176
677579858168295424
677577513271332864
677573575176421376
677283652082929664
677141114990624768
677054459277500416
676836628229308416
676833413689511937
676824946316738560
676469897350668288
676469480214544385
676347673717301248
675998716742930433
675784795062796288
675783986275221504
675782651010113536
675238876441665538
675219543615217665
675092853039734784
675088402698608640
675055176198324226
675055031821955073
674677881943941120
674676540316119044
674670071663333376
674554853486559233
674426233573085184
673952784945778688
673952460554170368
673950818052136960
673594687152754690
673247308037787649
673032739948367872
672679464552128512
672393796496179200
672137992899719168
671469182479826944
671444083760496640
671313119465967616
671284021972701184
671130840286425089
671052618404249600
670899867372396544
670194784456196096
669967377761611777
669965951148814336
669841157824774144
669722150526279681
669594545437306880
669592954147762176
669353423121223680
669281698996031488
669272862079909888
668874961071697920
668303298831618048
668016062844112896
668015334633291776
667648159661686788
667503966318559232
667425715852324864
667097818415263746
667058377508319232
666922190663651328
666518893142216704
666139939554246656
665630496043327488
665291849251221504
664915656517681152
664914474835402752
664901185917186048
664890350222184448
664886485875752961
664635757487767552
664396213521743872
664166307860869120
663803822226063360
663605186695290881
662067631881519104
661769393534144512
661072897235005440
660441547385667584
659900215856513024
658525320039952384
655960528720891904
655959847519715329
653479705727795200
653284095766560768
651834673899790336
715643195711815680
715640331144826880
715625809172541441
714998073076936705
714553802624344064
714544705539674112
713834961283854336
713477081418477568
713476924413124608
713468536828469248
713467263903399936
713465828121808897
713465060606119936
713298953689673728
713199860896260097
712949430371024896
712913743030538240
712865910122483715
712697649808457728
712601113661423616
712463581686702082
712463138059325441
712359877243437056
712213830043103232
712211518981595136
712210898602074112
712210269171261440
711848869923987457
711508005540356096
711485505536282624
711168379671805952
710960664093663232
710952190513315840
710951484892971008
710950900513132545
710318561856610304
710032053949960192
710028127896883200
710027862590365696
709845018626826242
709829869710934016
709620812630732801
709520565623623680
709153031867076609
709112996396568576
709097955479801856
709097807802535936
708978621839314944
708973954447183872
708970519039598592
708967072026374144
708793631914590208
708163145802514433
708110117678362624
707492367155077121
707485037663375361
707348417354137600
707284006006423552
707279383241707520
707277900978921472
707068115981434881
707029043925782529
706724296454836224
705817706377945088
705726430718472192
705646096580673536
705645138643521536
705133813223927808
704380708177850368
704290740772298752
703338918628831232
703010361809571841
702932767714078720
702930498268430336
701886672472903680
701881799463415808
701355763151691776
700764078277423105
700285028144513024
700284755200225282
700284381240295424
700236253409599488
700234582742818816
700231526827491328
700230589404721152
700214455355846656
700155440466759680
699801451669794817
699363953055412224
699316480865796097
699314421424762880
698958966173208576
698619191574724608
697908102046154752
697863543014592512
697861656940916736
697767626563387392
697695100097265665
697692193595588608
697692095314669568
697691460653613056
697671450992386049
697480937949437952
697302623486017537
697205040503590912
697178412855635969
697010710572761088
697002349806530560
696944598921379840
696903074258952193
696891200368877569
696502502384992257
696482355834286081
696294064111513600
696051264321249280
695728804396818433
695712174337970176
695709810998677504
695541018100240384
695250442696036352
695249815400091648
695116093921193984
694823894268547072
694279323239321600
694250769193652224
694105229269139456
693911757891317760
693701579275268096
693589730554851328
693587333879173120
693159959949762560
692927992058748928
692922599270158337
692761495927595012
692586672853164032
692532439210659841
692519877396033537
692296212012204032
692296097939652608
692281331305308160
692280815078744064
691753925272297472
691046036542894080
690473614894829568
690392668233469952
690375580588609538
690318969635377152
690314776136679424
690257876674183168
690091902247571456
690090827708788736
690088924211974144
690087794929242112
689965869221466112
689961706546667520
689955110370279424
689774284504313857
689679590202060800
689676758740705280
689676478351454208
689674844183474176
689643546597429251
689585308023689216
689552638103322624
689531451201613824
689528601918582784
689524895940612096
689309236564639744
689256748130017280
689033814664871941
688867439065600000
688137305228365824
688135549295575041
688135115436732417
688118562016215041
688117328001679361
687795705449058305
687585572701880320
687584273910530048
687580935752028161
687454955410604032
687374722380607488
687370083480371201
687369079825367040
686721207299784704
686715730763448321
686443882024845313
685926421940666369
685778642387898368
685776995515420672
685413811327602688
685266531295494144
685213133175009280
684832552394211328
684831972921708544
684830421041856512
684456211505270784
684454680907255808
684150928933388289
684095776625065985
684095293529296896
684093978052935680
684092800225292288
683824146573201408
683822415156088832
683815807369916417
683813601405054976
683811221221457920
683787748935745536
683050191750995968
683025556183502848
738134067145674752
738106230514671616
737802805650460674
737249443976597504
737092867919728640
735741190729924609
735591148702420992
735233408398303232
735046282864009217
735044170255998977
735014981712805888
734891131184369664
734833698885902336
734507203793588226
733764466232295424
733401386260406273
733398542249644032
733032394702217216
732860646950375424
732776143669972992
732702482816606209
731805197681315840
731436629496209408
731430267349401600
731004141351264257
731001347743449088
730744009748942849
730384015253868544
730383556824969216
729766148015710208
729498856497414145
728756141816078336
728515615003058181
728515406445432832
728473148702621699
728379821592453121
728201174839496704
728184349904932864
728184026356289537
728178657542295552
728177828844306432
728085637161582592
727578831356223488
727106170964447232
726889561721163776
726099413362315264
725765231847165952
725061670037385216
724711068363161600
724708217175961600
723083558068191232
722741926017937408
722740136530681856
722739812159987712
722739623059783681
722585604110680064
722506771655360514
722261812104658944
721938430477733888
721492885300883456
721311651840917505
721308911752511489
721083568097611777
720706574872805376
720706230482636800
720573528227971072
720362479570653189
720362379150696449
720187333337722880
719702956178681856
719030149073604609
718924857686106112
718358422060691457
718256137720721409
717979990000709633
717938228515315715
717606495353839616
717465628416716800
717308989122301956
717114321965174785
716955323588710400
716947852941860866
621875828528279552
618209593848496128
633944943019425792
634286551527202816
634954838736932864
634957658483752960
634955530125967361
634958084264230912
634955994871631872
634955821546360832
634957234619871233
634955747550367746
634281930280816640
634286154179846144
634284212019986432
634959769397137409
634959133725192192
634958296642813953
634957001064185857
633834982608207876
631996877529964544
634957574165520385
634285658140471296
634959009204670465
634956789683875840
634956644808421376
633830988263493632
634958839326969856
634955187132592128
634287362407841792
634286781710602240
634284979602780160
633833450856824832
631997204174008320
633833249337245696
634959604737142784
634290150319726593
634260430890729472
633930538286346240
633831179037241346
631995974471188480
634961352818163712
634959966932045824
634956420429950976
632855935539507200
634960159836508162
634959285600935936
634285248948400128
634283932947755008
633833792327712768
634957897110175744
633835513724600321
631996459735379968
634961206168588288
634959468074110977
634960979424468992
634291216172077056
633841325578649600
634960753955483648
634956202909151232
634690735296548864
633840951564238848
633833644939829248
633935753005764608
633835347135193088
632108778515664896
634962655250243584
634962467177672706
634961682188533761
634289020948774912
634964522298572800
634963312304742401
634961985143083008
632000622657585152
634963803327741952
633830745316851713
631740540707467265
633837039109050368
632853704757002240
633841202194857985
633837238128807936
632125007867478016
634964155926077441
634293882877050880
632856730544660480
632854638044180485
632004563634024448
632000869794320384
631745024561057794
633936059017990144
633842392907431936
632854518200340480
632720620678082560
632000339017797632
634966309134925828
633845422767804416
632122941338071040
634955401167896576
633195174416400385
632853217433391104
634958451408420864
634294817233764352
634294712908783616
632117643936268288
632001468682272768
632850475910500352
633937959973093376
633564686479323136
632859131766935552
632119710952239104
632119541053526016
632108684512890880
634967187908751360
633195319027601409
633565173769330688
633198899444879360
632733680167849988
632119245036359680
634964758425264128
633198544007000065
632125385770070016
634293009245450240
633843373472813056
632853808515682304
632851472145747968
632124711233699840
634966638790471680
634293769718898688
633201678095769600
633194614199947264
632004409921110016
634965726109958144
634962292656836608
633846000105340928
633198260836896768
632122446053666816
632863481029505024
632855242153963521
632852518532284418
631753490352631808
633845862490202113
632125135453974528
633846110096748545
633195511026085889
634966822727520256
633950787752738816
633566533575294976
633188726600929280
632853067306635265
632852068286402561
634295795903238144
633938263405801472
633566756225724417
633193076803026944
634619265614639104
632856645119291392
632848737392418816
632126531720994816
634297788206063616
633947799193714689
631753668870574080
634297986193981440
633186167819649025
632857171105968128
632850270695755780
632003105178042372
633941327890116608
633941051904954368
633846505665785856
633945076041842688
633204623218642944
633192768160985088
632855695033937921
632851239508709376
633566450167345152
633201427796504576
632859706533396480
632856363287187456
633567065572376576
633940668751183872
633565770107060229
633205139050856448
632852727769403393
633193402167726084
632850419111211008
632861068352622592
632126114844971008
632119979475755008
633568066622746624
633199726108610560
633963783778516992
633206392887742465
632853498137153536
633206199891025920
633961783712026625
632860603783053312
633960879990554624
633946140744900608
634300855387332609
632861853719248897
632859538622836736
633522106295185408
631999764016447489
632001957113151488
632863802422222849
634968826602385408
632863630023749633
632000091176333312
634297419015061504
632867730610262016
633207660377038848
632864867024637952
634969654708953088
632860922055299072
633210612948987904
632869467417022464
634968609375154177
634968430475513856
634957348990119936
633191187168391168
633191426713501696
635226550363754496
635040942941048832
634974826638147584
633076748402294784
634287821759643648
632045774595977216
633180518125694976
633829199623512064
633804586654896128
633843695704379392
633834485620998144
633948085878546436
633425412438102016
635361889648640000
630886333133688833
631635152947384320
633562512139554817
632520820963708928
634302620279140352
634970092262916096
633892722156240896
634302941852237825
632741855097040897
634972556542394368
633957041623580673
634974367567351808
631637879349886976
633206994132860928
633095746661695488
632006198800179200
631348402094149633
633122940180168704
633207835506028545
633209932083408896
634180430875521024
633957782123745281
632125874448367616
633937217929412608
633831397896028160
633965251629678592
631747926612557824
633560900473982976
633562031933648896
633243467003490304
633561321724751872
631998046490882048
633960070372458496
633936470449848320
633113245033754624
634283665187565568
631755077884112896
633564504983339009
632006631409086464
631997885249261568
633212183841632256
633964880215699456
633569098933276672
632745352400007168
633941247149785088
633960531385184257
632852405449682945
633200859065614336
633197885295693824
632124027444719616
632868134270058496
633966182014455812
633568226471903232
633199132354605056
634285866194726912
635399931423920128
633560418007420928
633197554067337216
632004682584473600
631745528095633408
633087070970359808
633567729031647236
633193820130181120
632005640387358720
632125619682148353
631746265995329536
633561596254486528
633829533649514496
633522321043513344
633968211583627264
632005540416098304
633559339416993792
633844005063671808
632005262052724736
633558896368455681
634965461860401152
634691023348740096
633212833509982209
633520644534104064
633959558428274689
634972211669897217
633968551230054401
630887342207688704
634964365028933633
632114812734996480
632111245785587713
633120411845132288
633521698663301120
634293527304871936
632110420308848641
633964725223591936
633827779205726212
634969244912881665
632006948599164928
633550454782201856
633792420820312068
632126698272616448
633931349045325824
634954972333912064
632867939679506432
631991999831273472
631739027658399744
632007429086056448
632706123531841536
634969390383939584
634963582761877504
634961522431692800
631998960354234368
631430772323291136
632116622883295232
634961267002748928
632744276955394048
632790743870889985
632720839398440960
632861272103497728
632362667802411008
633059358419513344
633837781224001536
634960623315476482
633793910989393920
632107539610505216
630944156878114816
634967999917658112
633937702698684416
631970064367939584
633096773217587200
633559074890608640
633558452862758912
632685321746931712
633835143371735040
632098485605548032
633078862096691200
633946908440981504
633832100924256256
633244453260496896
633823364713312256
632840005870743552
632860211376553985
633204126164258817
632871664317890560
633149987497443328
633552002320982016
631755301134307328
632789707206725632
633560573284757504
633833182274543616
633566283208851458
631763775100588032
632005040765468672
634284585552056320
632743042575761409
633558763304161281
633559589171019777
631735444196081664
631744867748573184
632711290901827584
632116891222278144
633203783397322752
633204774968516609
633197128425148416
632855855243751424
634299749059813376
633960403697995776
634968145153802240
634298294500487168
631969087359324160
633936608929058816
634972022074839041
632708805772480512
635040725567062016
632718270676602880
632112515573415936
634962852315402241
633849676446351360
632002555267055616
631761604749582336
634180693438951424
633942307444690944
634967434231836672
632117917170057216
631747704956194816
633558013148684288
632870441967710208
634969755292536832
633205554492510208
631995233291505664
632764030529069056
632791702248386560
634691575147204608
632697117585215488
634296849524989952
633970456039682048
633966689692987393
633521229182308352
634285801459855360
634873500109402112
631745381387276288
634290719847522304
633183538007773184
632390832197230592
634967832120266752
631772442898231296
632111619921711105
631246154416525313
632839485332389888
633875339358310400
632763615771127808
633548008852885504
633473049514237952
634291411337236480
633830087616434176
635320883762954242
632723469612879873
633190377311199232
632100436468629504
633947968375132160
631735660320194560
634960408764280832
634277647502151680
632849763612758016
632109214542860288
631997576724656128
633939518576422913
634291606007492608
633940478015090688
631753315567599616
632857429013696513
631742184132206592
633192074355957760
634949635409248257
631996152536174592
631744717995159552
631733598094098432
632790447698546688
632429121142845440
631658119651680256
632772737547702273
632789043525255168
634949666115731460
633210757732143104
633941156909330432
667187601221152769
665384127999295488
666782145965264901
664593494732750848
665697483822120960
664966943925886976
666058993358409728
669746674760290304
669689041521127424
669094877184065538
667123905186955265
666762058377990147
666437392140804096
664291510947475458
667588809719070721
670051428732420096
669021882310610944
667839090339876864
666479657043128320
666373899953684480
666139390297665536
665519049678446592
665317752215769088
664280984418816000
667184044967235585
670380087599079428
669292935511437312
669274815879098368
666388480709144576
668930532802240513
670361987176652800
670182070723944448
670109042812051456
670017731199111168
669999605459902464
669819649677225984
669655319526711296
669457288256688128
669384268704047104
668964263143284736
667632255725096960
667589143665377280
667486259896524800
667485137878183936
667458589636894721
666864162413350912
666810056885665792
666761512686612480
666088327573966849
665335100033409024
665022369346355200
665008456634490880
665006333087870978
664612660512604160
673675308155977729
673443522339565569
673370589747404800
674095356053950464
672625207496990721
674457778400964608
677680150247555073
675124858980802560
674728803797762048
675239395188953088
674820113493794816
674348240213536769
671829673760960513
681621790536241153
677413695111213056
676688932051009537
676159703517298689
675601795822014464
675451050262929408
675091135010897921
674893114725765120
674762477310246912
674710646081118208
674366431480455168
674168326575284224
674037692351557633
674003996537933825
673985918911557640
673732961951490048
673645444862316544
673641575226937347
673623512599420928
673279187134898177
673261135651540992
673008150296051712
672916814905626625
672554418978598912
672291316827422720
672192054794022914
671994021003313152
671921027912499200
671863361051762688
671811581206994944
671558601014714368
686322716488679425
689221746554236928
690308957743742976
689946524558741505
690671317574623232
689735017367474176
684510706058825728
692634004596604928
687922981272682496
686835841407299584
692996422740893696
692483238267346944
691033674565951489
690822071333605376
690459714241441792
689584191323906048
689010120148258817
685960331718451201
683936688423436288
688134585536786432
686473386340552704
685235467906891778
693208056142942209
686685105700663297
685597966711808001
684873108914847744
684299096102977537
693974651945357313
699033996022317056
695868573743476736
702647455805022208
701560398298947586
697574051083116550
696486955362729984
700835528963444736
699854827531202560
696955695363710976
701197915302326272
698405269152362496
694674941485129730
704123204457992193
701922705831043074
695506158560403456
694312561165144065
701666751617048576
700579572987908096
698042871539200000
696849285678309376
699385990113292288
695762080138448896
698767637422215168
699130022423097344
702029137255464960
700217256878436352
700110791366877185
702991997976449024
697936442325127168
694419008062427137
694781423857852416
702753899921416192
698661196422115328
697716572924678144
695037341287780352
704097117913161730
702391600962478080
700941967480455168
699492489829486592
698298875422121989
695143765917458432
700193258358439936
704203487714910208
702285064944676865
701304362904190976
700473157115846656
699748424527249408
697680469228441600
697318103487750144
697211711523262464
696124497699725313
694011901907304448
715415231229366272
712886669079363584
712759651566292993
712524337836855302
712415430388928513
712397220553891840
712161907482992640
712034840946802688
711799570272022528
711672410970431489
711437154984062976
711310080617144320
711074751612067840
710947703933501440
710365727522312192
710349995296362497
710222956186755073
709987588975755264
709860614097772544
709625245234241536
709263004009779200
708818008920076288
708773346457083904
708538039627333632
708410994574401537
707813267192856576
707686203789852674
707450910994264065
707358631923228672
707102601687465984
706996099970678784
706740201083838464
706637838356336640
706271367449153537
706015540268146688
705908952370909184
705653005157310465
705546624307744768
705542074083348480
705290639932530688
705184270302711810
704821777495621632
704565841472462848
704459397737504768
724733505876463616
724498223038140416
724371105197133824
724135822178549760
724008746876325888
723773445054599168
723646353671380992
723411060049346560
723284017693515780
723048684183797760
722747746914947072
722686271265587200
721109641078403075
720874368293703680
720747309924003845
720511943417733124
720384927523586048
720149584794750976
720022450797428741
719787152800882688
715692776533299201
715692377692737536