0.0254748077364
0.032067974382
0.010784692841
0.00291217304286
0.0130487610095
0.0243635466825
0.0191971548008
0.0177580244656
0.0165548421606
0.00593590164225
0.0201875150022
0.000266820280787
0.00796968387815
0.0224309801622
0.0420376937581
0.167298258173
0.0170711309186
0.0452932200442
0.00904981900756
0.0117914610946
0.030823000433
0.0232434587373
0.0227974742991
0.0277118757523
0.0294965204214
0.0232408002809
0.00763812601214
0.0224005403761
0.0139487795576
0.0229192722967
0.0184612710878
0.0340956946429
0.0213035440981
0.0439933615428
0.00174106972899
0.0289764686511
0.0358463755618
0.0200874276099
0.0183472289201
0.00419367845855
0.0208562949727
0.000719824931251
0.0156634505443
