0.0297623533856
0.00206981157946
0.00969240031053
0.0295215944165
0.0186685138724
0.0222019824355
0.0153910968762
0.0306657812516
0.0743025448516
0.0766083421808
0.00917144880072
0.0888510009482
0.00616434705227
0.0205171351827
0.0331362504225
0.0272421796565
0.0403992212241
0.0286462905416
0.0308659152311
0.021322969762
0.038836575172
0.00639579851398
0.0354011980975
0.0272820649
0.0126592846633
0.0859805158212
0.00355783980976
0.039870913306
0.0386451625158
0.00854877670398
0.00458731605283
0.0510462313776
0.00161490166768
0.0303722414165
