4.67161015131e-05
0.000276767914024
2.78743688877e-05
1.12104965657e-05
0.00133948675653
0.000917353784986
8.86199100852e-06
0.000634658707397
0.00075616713986
4.12731763005e-05
0.000108738004968
1.20872187447e-06
2.9439013193e-06
4.43096886231e-05
0.00029913746112
6.23177795712e-05
0.000182881107511
0.0
4.97352854931e-07
0.000446126707795
0.000132379231903
0.00017089841055
0.000134708905202
0.00015873444371
0.0
1.54573515464e-05
5.03230994753e-07
0.0
3.07730947885e-05
6.85195290821e-05
8.51403411527e-05
4.32333442078e-05
8.06299355074e-05
2.5841302489e-05
1.27507476854e-06
3.07486980913e-06
7.39964833574e-05
0.000217456470677
0.0
0.000448797041105
0.000114315801022
3.30194448878e-05
2.10296285797e-05
4.40520093126e-05
0.0
1.37546476985e-05
9.0389120081e-05
0.00169793205735
0.00136078655506
0.000504024622582
0.00313382327091
0.00205200738896
0.000101680618187
2.14732090406e-06
1.76996059327e-05
6.49657235587e-07
1.09322161904e-05
1.97697890796e-07
0.000140942521531
2.87682967594e-05
0.0
3.05838637061e-05
5.19288200527e-05
8.44229902149e-06
0.000133755764011
0.0
7.93473262653e-05
0.0
0.00027590240575
1.84205332785e-05
0.000216174591356
0.0
9.31683262265e-05
2.72583455491e-07
1.9268925037e-05
3.80807665122e-05
8.17854534416e-05
1.02514952195e-05
0.000395895631696
0.000255230567285
6.96216072915e-05
0.000128719399022
7.76614025908e-05
5.60323534217e-05
3.09811568723e-05
1.19616566123e-05
5.59425121835e-05
8.2242322571e-06
0.0
0.000306083024017
2.64566295035e-05
0.000314364572209
2.85563620038e-08
2.0329837486e-05
9.34121542926e-05
8.10093169541e-05
3.06412251706e-05
2.62179892044e-05
4.10816742586e-05
3.7165726296e-05
1.85867397966e-06
0.000105170951525
4.10432405716e-05
0.000226250597046
0.0
0.000103296107306
0.0003315290227
0.000199894767101
2.06631783505e-06
0.0
7.77625529921e-05
0.000141740717663
0.0
0.000115598726315
9.62772453832e-05
1.79341114854e-06
4.67988152868e-05
0.000211354155393
0.0
1.05749720831e-06
3.46147867876e-05
9.60101884879e-05
2.9984180104e-06
4.92969909121e-05
6.48103399533e-05
0.000177103464211
2.19674842243e-05
0.000133441675819
1.71338172023e-07
9.7597486973e-06
2.8883431964e-05
1.98950361422e-06
0.000121667260018
0.000163924498035
0.000114323407895
2.88108768617e-05
3.0744559789e-05
4.66625813154e-05
6.37407368839e-05
2.76191125279e-05
0.000138483701578
1.7583228801e-06
2.22669345462e-05
3.99789068053e-07
9.34571847398e-07
2.38589604955e-05
0.000167870421233
0.000319227825801
0.000119791819796
0.00015637790345
7.2192049966e-05
1.63627954282e-05
6.8742398335e-05
0.0
0.000244563179587
0.000179706717684
7.47823902933e-05
0.00483560804345
9.4686884539e-07
5.57853721497e-05
3.86892646503e-08
2.25498092128e-05
3.74089329636e-05
0.000153828686155
8.81692394347e-05
7.19620322496e-06
0.000110035549814
0.000150996378344
6.61866088983e-05
0.00055792262756
5.99878194572e-05
1.28968800525e-05
3.66961877616e-05
3.57085597153e-05
0.000155291213345
0.000125922331179
0.00011318413091
0.0
0.000100684187786
0.000494434016098
4.90650219884e-06
5.90599315417e-05
7.89037563455e-05
8.83393932491e-05
0.000121618447442
0.0
2.63825271198e-05
1.62045379929e-05
1.89619007278e-05
1.39882718485e-05
0.000120185315105
0.000137215899892
3.01525404736e-05
0.000447964223115
0.000189871572371
0.000227749844238
4.75871946729e-05
9.57095483398e-05
2.87963314324e-06
0.00949009551232
3.4286871672e-05
0.000100860035853
8.85405210195e-05
6.69556809284e-05
0.000310081179875
3.70323407927e-05
0.0
0.0
0.000100651669211
0.000185900478277
2.39873440832e-05
5.04915724605e-06
0.000136253283932
4.50285074036e-07
0.000149754881503
0.000574536638782
0.0
7.58534857895e-05
2.33144411896e-06
7.50187165494e-05
2.89023494418e-05
5.50882622598e-05
0.000176972497657
0.00162289473046
0.000110203566998
0.000108724519586
9.99472670134e-06
6.2901377531e-05
6.86013102028e-05
5.00990069182e-05
1.32980708036e-05
9.41969318278e-05
7.69658898898e-05
0.000101799725726
6.44356651051e-05
0.0
0.0
9.64863206504e-05
2.72583455491e-07
1.73748664933e-05
3.69254139685e-05
0.000556018366996
0.00081051744741
1.49739301218e-05
0.000132151906586
0.000208574069756
7.51214114019e-05
3.34454680113e-05
0.000532842560605
4.99890406784e-05
0.000156249079772
6.42518145086e-07
1.55249907075e-05
2.05954911649e-05
3.7425632085e-06
4.67952150922e-05
2.51786889403e-05
1.80169586768e-05
4.89636531997e-05
0.000658379991565
2.53983643234e-06
0.000181394838961
4.05724495504e-05
1.97697890796e-07
6.45620626153e-05
8.92215373157e-07
6.43673393818e-05
1.49375219386e-05
0.000814602622368
6.77074152445e-05
5.30878776707e-05
6.89830581341e-05
5.9968360208e-06
4.37311959597e-05
0.00010825294789
0.000135682316583
0.000241922390157
0.000234475478273
7.29671967683e-05
6.00204836718e-05
7.8799893808e-05
2.61651641607e-05
3.00664218605e-05
1.97895588686e-05
0.000256555286396
6.28772893693e-05
6.60894592366e-05
0.0
2.16866257467e-05
5.15466311975e-05
0.000714229924725
4.89399736426e-06
0.000187876201949
0.000111300222409
5.07228352403e-05
6.29298524347e-05
4.38230324597e-06
8.96907902683e-05
0.000629612997011
3.84466174111e-07
0.0014659129959
1.58831887946e-05
1.02841804214e-06
7.85608229104e-05
0.0
5.94140939836e-05
8.64020790693e-05
0.000338908382441
8.95422755324e-05
0.000111613781283
0.000491908451518
1.12705743504e-05
9.61230815619e-05
5.23360234543e-06
0.00012180353492
1.13406650002e-05
1.91898752666e-05
0.0
7.99885666159e-06
4.72789525302e-05
1.32283147518e-07
4.94593561423e-05
0.000166618286263
4.34869545427e-05
0.000474638532475
1.03112224595e-07
0.0
3.0399358268e-05
0.00122574965079
5.95624168835e-05
6.54496515703e-05
5.6590550531e-06
7.59392154592e-05
0.0
0.000116700968978
2.04123072247e-05
0.000232877107708
0.000158743369987
3.4466430617e-05
7.49692363269e-05
0.0
2.07582785335e-06
8.86965066635e-05
4.75202368472e-05
0.00194808766548
1.19936720416e-06
1.44966543739e-05
4.16000295099e-05
6.21151372403e-05
1.38300237418e-05
7.27773037255e-05
0.000280739114831
0.000216642500197
4.17408230539e-05
0.0
3.40729319364e-08
8.06916840382e-05
2.66752676058e-05
8.42849821531e-05
2.53336198406e-05
8.03069315044e-05
5.9968360208e-06
9.36501711955e-05
0.000337646284077
5.04851330254e-05
5.84439741723e-05
3.59810161248e-06
1.87098619575e-05
4.67143103287e-05
0.000222708815062
9.90208566072e-06
0.00010599510322
3.35822817165e-05
0.0
8.49329320061e-05
2.29287896173e-07
0.000634206006376
8.40775047308e-05
0.0
9.35165168856e-05
0.000198204698524
5.65514370549e-07
1.72006808792e-05
0.0
0.000178292145928
2.57180456051e-05
0.00010716441457
1.8317608209e-05
0.000343783443638
0.000422437617476
3.52713508646e-05
5.80800526166e-05
0.0
0.000256566587371
9.69412272344e-05
2.81665689965e-05
4.39768141485e-05
1.91874571875e-05
0.00027482362253
0.000442714423459
0.000260667482343
6.42072462542e-05
0.000506838469931
0.000110381328486
0.000541996799901
4.67391391693e-05
4.43092239257e-05
0.000160334156453
0.000222039289068
3.24922308134e-05
0.000107524266411
3.95554903297e-05
5.29821473579e-06
6.61079714119e-05
9.96164339051e-05
0.000169932208548
9.15551998925e-05
6.85352688092e-06
0.000137110406256
0.0
0.000118519237313
6.67350042821e-05
2.87392124392e-07
4.01284523396e-05
2.21339912185e-05
0.000153756166342
5.61598241497e-05
0.000101685432448
6.31585536227e-05
2.82391046636e-05
0.000161423886443
0.0
3.70457867361e-06
0.000108026447317
1.05596460366e-05
0.000223637467213
0.000123207774955
7.66006528406e-05
5.50530093453e-05
3.15723453828e-05
3.40131172668e-05
0.0
4.38835318209e-05
0.000213955391046
2.80263146788e-05
2.63126017045e-05
0.000106211319936
0.00013434883694
6.06912418165e-05
3.21259072543e-07
0.000238697378597
6.57821869067e-05
0.000318880885874
0.000395694969466
7.78465083562e-05
0.0
5.0677978225e-05
7.20219276171e-05
0.000146186608503
2.85238782755e-05
0.000168429560407
5.37249719866e-05
0.000164863723595
0.000124330041932
0.0
6.5845973762e-05
7.97510006239e-05
6.75870261199e-05
0.000169221996884
2.45273094366e-05
7.3905966384e-05
6.06794474832e-06
0.0
0.000101030781812
0.000379665334927
0.000469982898663
9.68403548006e-05
0.000144485871401
0.000127759345218
0.000782343498923
4.71472439101e-05
9.50137041783e-05
6.26167065903e-05
0.000304003112705
0.000600768697829
0.000386618651084
1.58670639488e-05
9.95360983243e-05
1.20292327943e-05
0.0
3.34999935164e-05
0.000923234127548
0.000623685387571
7.68363890257e-05
0.000195213672303
0.000311942936839
8.01266657125e-05
4.81207635189e-05
2.29821828947e-05
7.17235522373e-05
0.000249728684766
1.64784588603e-05
8.57923210335e-05
0.0
3.22950439013e-05
0.00012765228158
0.000643446111624
5.06879029967e-05
0.000287742637556
0.000214966639427
2.72310872035e-05
0.000182649983824
0.000170376923518
1.33835404748e-05
5.60130033267e-05
3.3420828439e-06
0.000125100046578
3.72654422586e-05
1.79905080624e-05
6.62365648653e-05
0.000226817485339
8.81012498605e-05
6.10831272809e-07
2.67245054124e-05
3.04085792475e-05
8.19105284681e-05
0.000114075584409
5.87531776836e-05
0.000108149054672
0.000326676411211
5.09725735622e-05
3.23837281534e-05
7.03853993057e-09
0.0
0.000270751569993
5.26387518889e-05
0.000139748055678
5.03720635746e-05
0.000740640461316
0.000108333756568
0.000146465964252
1.90352530138e-05
4.47569367641e-06
5.62659278854e-05
5.02291377983e-05
0.0
3.83984966438e-06
6.14675692132e-06
3.42620500825e-06
0.000334031310355
9.2705866565e-05
7.73829606047e-05
0.000140021008797
1.26163446098e-05
0.000311184317112
0.00020983990138
9.76634554146e-05
8.57357167269e-05
0.0
6.75833938334e-05
0.000102205812903
3.88375905675e-05
5.73244826142e-05
2.85563620038e-08
3.99789068053e-07
0.000321415555382
0.000244886554235
3.74938535555e-05
0.000249305622094
1.30607146951e-05
3.99789068053e-07
0.000187202736252
6.08531392931e-06
0.000146391628805
0.0
1.63071856706e-05
4.91251024121e-05
3.42676344046e-06
0.000143197895688
0.000164215257367
0.000247450717706
0.000137469519205
6.87579477126e-06
0.000155793861614
2.71630084785e-05
4.30418069235e-06
2.61573666156e-05
7.31669572302e-05
1.44428000299e-05
9.91726384919e-06
0.000110852058267
8.17151281955e-06
2.41362685652e-05
1.66794481253e-05
0.000233586616996
0.000327302761448
0.000114352144844
0.000247722602462
0.000461146300638
3.19092127411e-05
1.58901665515e-05
0.0
0.000102020813999
3.91122730113e-05
0.000251498410341
3.75554031788e-05
3.00288026588e-05
3.15049404519e-05
9.6839607464e-05
0.000100377542105
0.00014012678168
4.66190784323e-05
1.77568651006e-06
5.89415098111e-05
0.000108382949201
4.66920228863e-05
0.00024033165701
0.0
0.000335187596948
4.85672755216e-05
8.36563199813e-05
4.72803472334e-05
0.000102084658054
0.000165062930666
0.0
5.42821996307e-05
4.78584181425e-05
0.000577565888055
6.9652357233e-05
4.40195442868e-05
7.93931959526e-05
0.0
0.00112038382718
0.000403955880246
0.000149322081636
0.000127187334559
0.000234746443763
4.89056412393e-05
8.21612044423e-05
9.33444158894e-06
1.79905080624e-05
0.0
0.0
4.20179536133e-05
2.65136589725e-05
5.33578977223e-05
9.47963503509e-05
0.00011510929309
0.000325334172246
6.78797187673e-05
7.55146282146e-05
0.0
8.88817556628e-05
0.000222391446676
2.44912798833e-05
0.00105770568129
7.68597596955e-06
6.18116246093e-05
0.000398809882644
4.25429489242e-05
5.6803680112e-05
0.000212052090374
0.0
0.000143525599315
3.61185926912e-05
7.51102132919e-05
0.000225161772092
0.0003010111797
0.000114177773523
0.000178316198495
1.79905080624e-05
1.73849480121e-05
2.7393443058e-05
3.36915144904e-05
0.0
1.61201292293e-05
3.86118590429e-05
0.000370140348632
0.000125793817059
4.71924343202e-05
1.60279071829e-05
0.000445347169442
0.000261350107345
0.000217111035694
0.00017665137602
0.000246302323294
0.000124823329539
3.58477986466e-06
0.0
2.7719536439e-05
2.19301696538e-05
3.20686418225e-08
5.48282150473e-06
0.000222136658864
1.83779822084e-05
5.67129349396e-05
0.000151103307684
0.000238443403102
1.82211556017e-05
0.000185719632119
2.83174809315e-05
2.47153068242e-05
0.000116588149998
3.60557723157e-05
0.000167050015808
0.000258571284016
0.000217952827817
5.0635161883e-05
2.57185483178e-05
2.88819276532e-05
0.000104525458424
3.72872768687e-05
8.14337422263e-05
9.61066317718e-05
0.00426739541476
2.55910498753e-08
2.81736966668e-05
0.00013751481996
5.37843701839e-05
0.0
4.7037567053e-05
0.000321296940725
0.000724632802998
7.98351500768e-05
5.98523585967e-05
3.28539854666e-05
0.000119506308387
0.0
0.000190451599992
4.70194274261e-05
0.000104455752127
5.79694148677e-06
3.06913702151e-05
0.000516482335343
0.000184207939289
0.000128887232024
7.53892259312e-05
0.0049483375816
4.13044077918e-05
0.000101573974079
0.00020951012022
0.00158522244977
6.30835996993e-06
0.00022483331679
3.67560399207e-05
1.05670054076e-06
2.65989009069e-05
0.00015045717086
1.36062267072e-06
0.000206414240806
0.0
9.86968202545e-05
3.42966572044e-06
5.31867165006e-05
9.22868565569e-05
0.000126647808915
8.98962270042e-06
0.000641324396439
0.000839073559666
3.27100146589e-07
0.000142092541738
2.29352675883e-06
4.73127546388e-05
0.0
5.34054278199e-05
0.000258516708472
0.0
2.44194690318e-05
4.1251673716e-05
6.45402353347e-05
3.88385773351e-05
0.000210235957201
0.000734483569251
0.000128286657388
1.40901269107e-05
7.67172469474e-05
0.000175423949173
5.16470064564e-05
8.75136753573e-06
6.52244005549e-05
4.31154044125e-05
4.59348634439e-05
3.92808938504e-07
0.0
2.78689705083e-05
1.91214902944e-05
0.0
1.95608488405e-06
2.39285515732e-05
0.000105959711326
4.79560499814e-06
0.00226124798214
2.69857620936e-05
2.09889260728e-05
0.000254550158617
0.000215304754476
2.79651903943e-05
0.0
9.48401871139e-05
6.42518145086e-07
9.91353086407e-05
0.000101173864755
4.9280232413e-05
2.99249228311e-05
0.00011998903978
1.02094306602e-05
0.000121495365569
0.0
0.000160638968288
0.00016119121689
8.5111581159e-05
5.3802180285e-05
0.000124351372342
2.65417981519e-05
5.12000813255e-05
0.000174392224579
3.76938081812e-05
0.00032828115092
9.07186894702e-05
4.03303812659e-05
0.00010256058736
9.06168487102e-05
8.56690860115e-07
1.27979732499e-05
5.99468759885e-06
7.78809872831e-08
0.00011538284709
2.71687204087e-05
0.000652409186464
0.000605249316067
2.72583455491e-07
0.000954862352452
3.02293789879e-06
0.00569397858292
1.88297002392e-05
0.000614199587094
4.22014013562e-05
3.81097631105e-05
0.000147011614734
0.000138344754149
5.90413211723e-05
6.28940788557e-05
1.12428729121e-06
1.3573669356e-05
0.000244564314512
0.000687881072373
0.000108807969718
0.000122938620103
2.75843574838e-05
4.27915564914e-05
7.74344530424e-05
0.000529154470445
4.54886281401e-05
8.54979018683e-05
0.000200928673298
0.000116360939867
0.000140948766076
1.79905080624e-06
0.000106013397767
6.08835172742e-05
5.71374100958e-05
2.425213944e-05
5.78266330577e-06
0.000368297866465
9.3199978901e-05
9.60994382705e-05
5.07442594507e-05
0.0
7.1137210504e-05
5.22110928147e-05
0.00125542560535
2.06163465671e-05
4.07538036065e-05
0.000393216010858
0.000208421908272
7.04471622728e-05
0.000108186679936
1.86568945333e-05
1.95809333729e-05
1.85389991619e-05
0.0
3.01828901206e-05
5.68665509419e-05
4.37857803296e-05
3.2599743333e-05
1.77350046444e-05
3.10067254869e-05
7.79596782852e-05
0.00010565161736
0.000907850292703
0.00101938709254
0.00018055912139
0.00166112311175
0.0
0.000127469216805
1.81321181009e-05
8.35030978284e-05
0.000100329161833
1.73823782124e-05
2.64614373506e-05
0.00126187473613
5.18342033323e-05
0.000292410533424
1.97697890796e-07
0.000125723232921
0.000143344294401
7.833017918e-05
3.23423829017e-05
2.77567838677e-05
9.11972191813e-05
1.73230280624e-05
9.47041396688e-05
5.87435597273e-05
0.0
0.000422426477196
0.000203908510079
0.000150146490167
2.45407055699e-05
0.0
1.95237089636e-05
0.000264548340701
0.000155889390049
6.67610673605e-05
2.07724567214e-05
5.81122680132e-05
0.000162388138276
0.0
2.04437591618e-05
0.00017317940885
0.000140024898326
3.29366480839e-05
0.000413971370445
0.00011696749428
0.000397946600958
0.000393329130526
6.04721964777e-05
8.242620528e-05
0.000286544111725
0.0
7.56702343083e-05
1.95896643346e-05
2.4966136494e-05
6.91185334953e-05
1.03216364054e-05
0.00030684120661
8.92778169684e-05
6.07534381596e-05
0.000289394449845
2.97107885528e-05
4.56292804376e-05
5.94454504615e-05
0.000136022048194
5.90130064645e-05
2.55871802688e-05
6.47161696974e-05
0.000247350337896
0.000222459894139
7.52502497165e-05
0.000107796231045
8.23188826109e-05
5.4404793128e-07
3.64345266074e-05
0.0
0.0
1.79905080624e-05
0.0
0.0
1.77771818798e-06
1.33228874568e-05
0.000299604695205
4.78448139385e-05
6.55129930557e-05
0.000181499780773
0.000179783753994
5.00083221549e-05
1.27340364271e-05
0.000129869814599
0.000148083786165
0.0
0.0
0.000407008070034
0.00294833032667
0.0
3.17171640727e-05
0.00011117336113
3.86525051556e-05
1.40795280488e-06
0.000709242903392
0.000749311711291
9.18470059205e-05
0.000307137984562
0.000184522544312
6.26197982108e-05
0.000170369514551
0.000175040221818
4.39249874104e-05
3.75923730981e-05
3.30707868794e-06
1.89577396787e-06
3.73007755877e-05
5.5626759469e-06
0.000147248577663
0.000141895744006
0.000137705598564
5.73923199669e-05
0.000227627700393
9.39722050093e-05
4.80209078511e-05
0.000126789380713
5.68186855763e-05
7.26954618557e-05
5.69938025589e-05
1.26372349316e-05
3.75910631932e-07
5.65529631819e-06
0.000131688545281
4.22570765684e-06
3.04385459508e-05
6.54840212859e-05
0.000155987631834
2.47583658573e-05
0.000136106233373
8.91228884144e-05
4.16744172775e-05
7.9344829128e-08
1.56892831829e-05
2.9439013193e-06
0.0
0.000283984450956
1.79905080624e-06
3.58893823761e-05
0.000348514354668
0.000205543364187
6.97102418083e-05
0.000147754981191
2.06082354412e-06
5.9968360208e-06
0.000237352724767
4.2591724576e-05
0.00011422177348
3.17832309102e-05
1.05635694325e-05
1.29146696955e-05
8.05161169375e-05
0.000148494408463
4.20830597951e-07
0.0
0.0
0.00018408399523
2.49489579401e-05
9.16814817499e-07
2.47442262994e-05
0.000204383248379
0.000216753650928
1.09491664799e-06
6.60411981031e-05
0.000415784111781
0.0
0.0
9.0329728623e-05
0.0
0.0
2.80668557984e-05
0.00038309455132
3.21998451466e-05
0.0001489992163
3.14832502942e-05
7.55129795974e-05
0.000335746970425
0.000204782978178
5.2919215017e-05
2.93933307146e-05
9.63208583065e-05
1.07689604987e-05
0.000121549789431
0.00014296445637
8.32872037165e-05
8.11069079038e-05
0.00011310347845
0.000275856594349
0.0
3.57826839092e-05
0.000129333108453
6.79954079393e-05
5.63445578697e-05
0.000549882928852
0.000276529662273
0.000101993786916
9.28131670852e-05
0.0
3.18731049426e-05
0.0
8.25505433759e-05
0.000270568210008
2.01294214463e-05
9.0039671748e-05
1.80893570078e-05
4.71993686857e-05
2.13536199609e-05
0.000188216437104
9.4570941415e-06
3.16070755382e-05
1.31084706337e-06
4.1283451038e-05
0.00071722063393
5.94927697195e-05
0.000109437970627
4.57572370581e-05
4.79862104674e-05
2.05605806427e-05
1.88165790472e-06
4.22318357888e-05
0.0016835831856
0.000219417413778
5.54968990897e-05
2.02393215702e-05
9.88974007632e-07
0.00204790767698
0.000602978858249
2.16641036635e-05
0.000105157230333
2.56031898421e-06
6.4341227107e-05
2.92350536964e-05
0.000113079209544
3.15483387296e-05
4.59278121208e-05
7.08642974562e-05
4.05555673605e-05
5.92139172725e-05
3.32132456537e-05
6.43509161005e-05
7.71021774103e-06
7.62829638619e-05
0.000195624383422
0.0
4.00820781777e-05
5.37870923224e-06
0.000139807463978
5.51072234049e-07
7.49813416458e-05
1.15694844895e-05
1.73090494237e-05
2.87632553234e-06
9.46868845389e-08
0.000108105788448
7.23964107139e-09
0.0
0.000187076413067
6.49657235587e-06
2.78569131615e-05
5.30573684916e-05
0.000111812109757
4.14589992477e-05
2.16798057987e-06
0.000162843893998
2.49491545109e-05
8.64095987206e-05
3.23981927921e-05
0.000125955331725
1.15427821152e-05
1.47195065965e-06
4.65717099304e-05
6.03552528545e-06
0.000187628919303
0.0
6.54345580461e-05
0.000212036172137
1.80556910626e-05
3.57981044593e-05
0.000450262907563
0.000361660126658
0.000226778378105
4.74447511854e-05
2.54422868489e-05
8.44251042328e-05
1.77368407726e-05
2.69331582689e-05
0.000238603213705
4.35763031863e-05
1.52980510734e-08
0.000140616161364
1.14852579561e-05
9.59831112533e-05
7.93259001063e-05
3.10363763224e-05
0.000172905076497
0.000205030492592
7.81236861737e-06
0.000332312941506
3.78907777499e-05
0.000133553285628
1.57734576375e-05
2.39873440832e-05
0.0
0.00029673289923
1.8203834245e-05
1.65880222188e-05
4.09062180632e-05
0.0
0.00370353377786
0.00023979502961
2.52932274373e-05
3.83797505331e-06
0.000670535119671
3.92857388795e-05
0.000123225509581
8.2673673996e-05
0.000110715382874
0.0
1.28572746326e-05
7.32959118355e-05
0.000542871539162
3.75815881851e-05
0.0
9.69600200791e-05
5.72930269968e-05
0.000108070148535
0.0
0.0
2.38620398444e-05
0.000128573034696
0.000338257124936
5.09623589248e-05
9.51973647538e-05
0.00122083084605
0.000195884348612
0.0
1.86824506802e-06
0.00363660141742
2.74101256915e-05
2.9984180104e-05
4.75495439749e-05
0.0
0.0017233745072
0.00033156928214
3.61050474517e-05
9.60351205336e-05
0.000166555644328
4.82602517865e-06
0.0
0.000124151027019
0.00023150284747
0.0
0.000383458450076
3.86210691656e-05
6.92559486053e-05
1.79905080624e-05
3.01525598254e-05
9.52438662127e-06
0.000138766329105
0.000111494822738
9.59493763328e-07
4.8416013761e-06
7.92439045606e-07
0.000513670460862
0.0
2.80485497745e-05
3.50464442774e-07
6.3405571098e-06
0.000141285060487
6.82927904395e-05
4.67753209623e-05
0.000126606535869
0.000107601450821
2.223112782e-05
7.19208735241e-05
5.41665615648e-05
0.0
0.0
3.61362287697e-05
0.000124473038774
4.6321714135e-06
0.000228335214789
8.17530003725e-05
5.50783811749e-05
8.93932342978e-05
0.000136648642225
2.9984180104e-06
4.06879312146e-05
5.86932637619e-05
2.24202335997e-05
0.000200023061227
9.95148233877e-05
5.57490842442e-05
0.000179262612236
1.48380211424e-06
4.34146316245e-05
0.000167263367838
9.35341509606e-05
0.000593189976422
4.07604916956e-05
2.97864822132e-06
0.0
3.63041792884e-05
5.88828812378e-05
0.000281895078978
0.0
0.000238737752023
0.000110683202743
0.000430222790041
0.000121364523813
5.973397723e-05
5.27812921108e-05
0.000119007803539
3.27100146589e-07
1.08848212188e-05
4.27945934872e-05
4.81083089277e-05
7.87612897133e-05
0.000122878682822
3.20650850359e-05
0.000138606505098
0.000145309633658
8.38668747448e-05
1.68269238581e-06
0.00010259965994
6.24415578896e-05
0.0
0.0
0.000116527530765
2.04314445417e-05
2.91573318391e-05
0.00018888774497
7.02813046491e-05
1.467797007e-05
4.80494554306e-05
1.24609579653e-06
0.000127459532061
0.00012065324229
2.31488254535e-05
0.000136553145125
0.000249069659981
0.00154792732886
0.0
0.000402384310713
4.00326599574e-05
0.000240829483122
0.00101012847603
4.3803579536e-05
3.41833769454e-05
2.36855703485e-05
4.94738971716e-06
0.00011328247964
8.2971018021e-05
0.0
5.84296309509e-05
0.000198864872931
1.54627395663e-05
4.91316091531e-05
0.000286245925925
3.3799451822e-05
2.39870159928e-05
0.000331047510399
7.47145090682e-05
3.74837768422e-05
0.000230498786504
0.000305289195048
4.11697678591e-06
0.0
2.08003219886e-05
2.20621237836e-05
2.88844893071e-05
1.22239580643e-05
1.81196254594e-05
4.57462736551e-05
2.21421637691e-05
6.7493694298e-05
0.000245860594208
3.40581432136e-05
1.51720744708e-05
0.0
0.0
1.17499689813e-07
3.40962074413e-05
2.2922450853e-05
0.000211397265956
0.000229413776113
0.000133885279022
7.06351910042e-05
9.20980380973e-05
2.42849512201e-05
6.54200293178e-07
3.61725279848e-05
6.15700404331e-05
4.79746881664e-06
3.28918407446e-05
7.59599229302e-06
1.33689921789e-05
0.0
0.000123263964789
4.58112509361e-05
7.50772717409e-06
6.19881960504e-05
3.85147107974e-05
0.00022490848814
3.41564628264e-05
4.39081376983e-05
0.000173183797203
0.0
5.16614891893e-05
0.000151919141391
0.000109231982335
1.95896643346e-05
2.98258752003e-05
3.31087026566e-05
2.58655346428e-05
3.02361480041e-08
0.000313292609234
2.86861636493e-05
7.66911026897e-05
9.23786978414e-05
9.03052953721e-07
0.000113445465982
4.0928623047e-05
0.000488323660635
4.45815729666e-05
4.91789313569e-05
5.54856501904e-05
2.67142940691e-05
3.15485721094e-05
3.4264638982e-05
1.47614425127e-06
4.19231922102e-05
0.000531259340957
9.48618877021e-05
9.31556151471e-05
3.28602605187e-05
0.000642817387281
0.0
0.000208962671459
0.0
0.000119374625556
0.000102031582895
5.30131493217e-05
0.000232190366609
0.000100029608955
6.19634693632e-05
2.88788938563e-05
6.65925932764e-05
0.000281791922592
8.04647074691e-05
0.0
9.19535065569e-05
2.55184511523e-05
6.8967127805e-05
0.0
0.000139036695705
8.81600548835e-05
8.90022489049e-05
0.000598093865035
2.75148946837e-05
2.59005520208e-05
7.77574855716e-05
0.000134512032742
3.17254702489e-05
0.0002357326612
0.000207639951404
3.00277322536e-05
2.40158149983e-05
0.000103170029861
1.58748230786e-05
4.80274015064e-06
0.0
5.99416988114e-05
0.000318893227373
7.1401953978e-05
8.29162565286e-05
1.06493337707e-05
0.000141802347433
3.25542526844e-06
7.13320465661e-05
3.07798095138e-05
3.25285016404e-05
1.68893648965e-05
0.000328121208849
9.64769426034e-05
0.000115190010935
0.000411519216457
0.000124537365825
8.51821925205e-05
0.00043375925081
0.0014032984125
0.0
5.50268003058e-05
5.38255439474e-07
3.90712796982e-05
2.9984180104e-06
2.29773506481e-05
0.000111935730419
3.69832409195e-05
0.000501402519146
0.000164811655285
0.000118216322004
2.17599478469e-05
3.75022261007e-05
9.10376524402e-05
0.0
2.81673624431e-05
3.17843624064e-05
0.000171965726001
0.000158559643422
0.000146597627259
4.42499452964e-05
2.83328288374e-05
2.39873440832e-07
0.0
5.72956297163e-05
4.15189153438e-05
5.05228611625e-05
0.000104190384825
3.55663368532e-05
4.17461535523e-05
0.0
2.96664833056e-05
2.44676101715e-06
0.000302638415642
7.47996966712e-05
9.3759503431e-05
0.000120171797598
0.000362562605199
0.000142742705699
1.36174849739e-05
0.000162579845534
6.79706247614e-05
0.000122131806202
6.73328956722e-06
0.000141509397893
8.95638386586e-05
5.4781329324e-05
7.37557199795e-05
2.01095790698e-05
0.0
3.74137577357e-05
3.71584371144e-05
0.000603094227139
8.56690860115e-07
6.30400500462e-05
0.000672646127219
1.36640299939e-06
0.000344180088323
2.22304944758e-05
4.46107250888e-05
0.000438454410579
7.24482300626e-05
7.75601028432e-05
0.000195510130146
8.56690860115e-07
1.58253959314e-05
0.000160365802366
5.49800967888e-05
0.00445217788833
2.0296983455e-06
1.59915627221e-06
0.000157282984319
0.00015022938034
0.00012191856149
7.39289500617e-05
7.29800005358e-06
7.41016295987e-05
5.23734024902e-05
9.68178859086e-05
8.02869846679e-05
0.000829925013461
0.000222587708001
0.000122409062341
0.000466461570529
5.91796919824e-06
3.52559971692e-05
0.0
3.48379518729e-05
0.000102478421154
3.98567749604e-06
2.43360322929e-05
0.000106928232179
2.85725679729e-05
0.000218803124114
0.000196249009668
2.31814369527e-05
0.000150398638355
4.48371005324e-05
7.04493678627e-05
0.000351640533621
0.00198445911115
0.000171680375417
1.76874754851e-05
2.25953311893e-05
1.36998051877e-06
5.57640096315e-05
0.0
0.000103019739013
1.19936720416e-06
0.00014622437443
0.000205722669302
7.60019468248e-05
0.000160273716736
0.00574199109269
0.0
0.000195607663327
0.0
0.000189498233607
1.77344341887e-05
0.000109549737969
2.82218516212e-05
0.000234783331307
8.5653263473e-05
2.76734235913e-05
0.0
2.45706600144e-05
0.000215685461414
6.6600031718e-05
0.000713561426088
2.05243824374e-05
0.0
6.24448498849e-05
0.000182818763581
0.000337966356589
1.59882576095e-05
0.0
0.000113135101996
9.28580767287e-05
2.2357536549e-05
0.0
0.000169029073716
0.000113392569639
1.20449563533e-05
0.0
9.31570170816e-05
2.1850819509e-07
1.90159217455e-05
1.19073604517e-06
2.10575921341e-05
1.82472288018e-05
0.0
0.000290285899291
2.96246928333e-05
5.28995278053e-05
1.79905080624e-06
0.000284251881775
0.000109997939291
4.79532973215e-05
5.03738904484e-05
0.0
5.73301747517e-05
6.80908820457e-05
8.38648063977e-05
5.62888552531e-05
7.03441175461e-08
0.000133773148028
0.000191446531025
2.02453675942e-05
5.58662377263e-05
3.96614224908e-05
0.000122615498687
0.000142109050663
2.79559715123e-05
0.000120225491498
5.30389235006e-05
0.000120549043997
8.2401686845e-05
4.00821540638e-06
1.72404192276e-05
8.5099225129e-08
4.97987180906e-05
7.60584133213e-05
0.000107276059619
0.0
0.000205063065837
9.55355315585e-05
3.88115641612e-05
2.87848128998e-05
6.50678750046e-05
0.00236978165718
1.01946212354e-05
0.000162481924575
0.000208087974027
0.00016553176475
0.0
2.7625482627e-05
6.39221077766e-05
5.10677930614e-05
2.93299798108e-05
2.9984180104e-06
0.00012679303899
0.000110928325424
8.30918763064e-05
2.94061440667e-05
7.20458472734e-05
1.35219320727e-07
0.000177613856504
6.94630214678e-05
1.36291727745e-07
2.71191383155e-05
9.3006356891e-05
5.63120260638e-05
3.60726928606e-05
0.000235651679622
7.47533631404e-05
0.000218672098671
0.000118546249726
4.44410728258e-05
0.000201438448029
2.45325109942e-06
0.000247137833346
0.000116736996324
0.000110757498408
3.23481655064e-05
2.38205362813e-05
0.000137381435663
2.06799981566e-05
0.0
0.000368506954158
3.82067500365e-05
6.39354578094e-05
4.13020284333e-05
0.000177976692434
9.61994388495e-06
9.1298367195e-05
0.000250334306072
1.25538160655e-05
0.000388090986088
8.87751416061e-05
0.000494968874859
7.67465877561e-05
7.64477902772e-05
2.94284020866e-05
2.87963314324e-08
7.61202148529e-05
8.77406143395e-05
4.37296571128e-05
0.000208292147297
0.0
0.000104316404328
0.000149621487897
3.84802409959e-05
3.42574589405e-05
0.0
2.30647539262e-07
2.41132850625e-05
0.000423837466496
4.99736335067e-07
6.89456295308e-05
5.83381032272e-05
0.0
5.06963928806e-05
2.99264187316e-05
7.31253248263e-06
3.1975889443e-05
0.00136610409783
7.5247662788e-05
0.000133720366846
0.000106254343464
2.57007258034e-06
0.000108318658684
0.000248599434547
7.02024622113e-05
1.92075130196e-05
2.95286631413e-05
0.000187363238166
1.45689210047e-05
0.0
1.90444423354e-05
0.000540817248418
0.00134957328814
0.000186883918905
8.89342436423e-05
9.83507867523e-05
0.00257522972495
0.000117020211318
0.000593152621139
1.49135322625e-05
0.000121048262018
0.00302190975255
0.00012858904014
5.84720097944e-05
0.000374981049101
0.00163980831309
0.000378608904238
0.00021972473216
3.36777606888e-05
0.000119287844622
0.000112566505984
0.00190354650872
0.000196805789483
7.10236790431e-05
1.97763068621e-05
0.000327661170645
0.000734825510858
0.000286734369906
2.73528697585e-05
1.99894534027e-06
6.65735115317e-05
3.18837139711e-05
5.72957394019e-05
0.000186195279654
5.17600896093e-05
9.25215762391e-05
0.000265216964155
0.000130023089736
0.0006309222018
0.000153523099209
1.73821333936e-08
0.000130965796074
0.000499395639651
5.26886875191e-05
3.60222706062e-05
9.21790561455e-05
2.40362676389e-05
8.43821653528e-05
2.12955824602e-05
5.37708374765e-05
0.000279267455656
5.62958886586e-05
2.58464957124e-05
2.52876835648e-05
6.1737068632e-05
4.09454151845e-05
3.97290386378e-05
3.85955680458e-05
0.000104725248157
0.0
0.000387933808001
0.000148835520508
9.94050806151e-05
3.82470349034e-05
1.77246384851e-07
0.000636352167217
0.000431432110035
3.09838381236e-05
0.00132821103082
8.27109250572e-05
0.000149508281482
0.0
1.7228173424e-05
0.000155855477552
0.00026703645736
0.000115773397927
0.000186683379935
3.77374188583e-05
5.36007520677e-07
3.50708909024e-05
2.60631719366e-05
4.15030689069e-06
4.83653911193e-05
2.9075561442e-05
5.30369523398e-06
9.21873860341e-07
0.000112055902409
2.7870609926e-05
2.34658800814e-06
3.62596501927e-05
2.48938278404e-05
7.61197393778e-05
0.000104215437464
6.09950493285e-05
0.0
0.00149071593201
0.00093590573622
0.000411027379928
1.73662607392e-06
0.000181252027514
4.79746881664e-06
0.000131587827241
0.000100977530044
0.000113721594895
0.000749635825106
4.84013538105e-05
0.000290420997097
8.88572204746e-05
4.23270114344e-06
0.000386488935766
8.0621734104e-05
6.07213870988e-05
4.84556374212e-06
0.000378114503234
0.000913541194879
0.000168392983001
7.89791092038e-05
6.46089328623e-05
0.000164752317484
8.42930403555e-05
3.96410407129e-05
0.000243400925985
8.98077809304e-05
5.63237300439e-05
3.42108744494e-05
0.000152975432115
2.12893711773e-05
3.03660011241e-06
5.65674195215e-05
4.03756869557e-05
0.00109865652324
3.48370043301e-05
0.000195936276719
6.14037730853e-06
0.000321603369167
7.51333579314e-05
5.24278158307e-07
0.0
2.92960910569e-05
0.000140736448166
4.06769010762e-05
9.18874883354e-05
0.000191503960055
4.80922731864e-05
0.000278470865785
4.91248373889e-05
6.19460090149e-05
0.000581896165831
5.66026966168e-05
7.78160864604e-06
2.30116644949e-05
0.0
6.35581513003e-05
9.14896136206e-05
0.000109140982242
0.000585491352929
4.47506803482e-05
0.000150178811232
0.000269970116277
0.000378824454279
3.45039416453e-05
0.000146883092919
0.0
0.000198289738186
0.000161134913199
8.68910283721e-05
0.000117769324998
1.07149349489e-05
2.30410900877e-05
1.67193237679e-05
5.43977207272e-05
0.000579740678827
3.23114409379e-06
0.000294251650752
0.000126231702617
0.000252885594901
0.000101246497273
1.49841688234e-06
0.0
0.000361245605416
2.51950754289e-05
0.000200513071535
0.000132784130068
0.000201602454739
0.000250102155014
0.000360415890635
0.000118683882465
0.000115206720746
0.000137062049746
3.93796445509e-05
8.67362483074e-05
0.00150513681379
3.78968509208e-05
3.07820867728e-05
1.52452490541e-06
3.5188325312e-05
7.08458630202e-05
9.07257367561e-05
5.85663936105e-05
4.19867693331e-06
0.0099727798551
0.00514133308916
0.010547839011
0.103606423933
0.00698037091404
0.0140028048784
0.0117594464559
9.08405217037e-05
7.60196263922e-05
5.08771766364e-05
4.95121107634e-05
0.000334360849975
3.64707639118e-05
5.39715241872e-05
0.000131633063868
2.9984180104e-06
0.000129425740385
7.00928885548e-07
0.000398995001271
7.32006947435e-05
0.0002048284125
8.18139771409e-05
2.51032667938e-05
6.44612376816e-05
8.27462813072e-05
0.00017297506501
0.00353529261442
0.000155772423344
5.07428734433e-05
0.00057138226609
1.4992090052e-07
0.000135387283854
9.6044458351e-05
7.52226229377e-05
4.6970294097e-05
1.76778734785e-05
2.42786883433e-08
1.85699656949e-06
2.94701655879e-05
8.28110242118e-05
0.00101953144855
0.000102804833757
0.000238074218308
0.000837473271563
9.55995715528e-06
7.6505523194e-05
5.2874252293e-05
6.28448466443e-05
0.000430028421409
7.77235351863e-05
0.000107525669473
0.000393028644996
0.0071188805539
1.20715530289e-05
3.28937286324e-05
0.000165867455991
0.000220319031847
2.38079515527e-05
7.03362666401e-07
5.26246581782e-05
2.24059098287e-05
2.39873440832e-07
0.000479437481765
0.000230563519422
2.64158068178e-05
0.000131303667815
0.000140167117205
0.000437120671984
1.80610590744e-05
0.000147276673599
0.000156492652147
2.26163132434e-05
1.17585020016e-07
5.93362360151e-05
2.14672595037e-05
8.31184836779e-05
0.000273905693751
0.00315872135279
2.65583589576e-05
0.000217015543393
0.0
0.000161548751271
0.0
1.27507476854e-06
5.9968360208e-06
6.47415917567e-05
2.44156895133e-06
3.71310908113e-05
0.000585577786986
0.000500210568249
1.497124808e-05
2.82815070195e-05
0.000963572341442
8.79964929259e-05
0.000233010507076
1.72920385765e-05
0.000201354774255
0.000213395695005
0.000274548362697
6.01170167616e-05
1.14295912238e-05
0.000165118619849
0.0
0.00010184257571
6.39236963276e-05
5.74593391602e-05
7.47154348243e-05
0.00021472174334
1.61109027425e-05
9.08233676515e-05
7.79384112581e-05
1.68460583047e-05
0.0
7.88073957268e-05
5.36789191217e-07
1.73600242424e-05
2.11793018195e-05
0.000179469875085
1.35895315124e-05
0.000100329531656
0.000138816610384
8.94765766364e-05
2.24949996292e-05
0.000146038457923
0.000349065786186
7.34612412548e-06
1.05207649488e-07
4.11570397995e-05
0.00031744752546
6.77022404991e-05
1.17932387083e-05
4.62353718842e-05
4.23860189402e-06
3.78793943e-05
7.05391626392e-05
1.17756052772e-05
0.000144297134814
3.97742810213e-05
2.57007258034e-06
6.14163398117e-05
4.44808839876e-05
1.62164989072e-05
0.000127697027452
7.58690617783e-06
7.16464093012e-06
7.32966169568e-05
0.0121313799028
0.0
0.000225215304956
0.0
0.000476462977505
0.000243900652999
3.15410766939e-05
0.000290763051781
9.09452339333e-05
0.000198341821573
5.96672716728e-05
7.71265314983e-05
2.9439013193e-06
0.000154803123598
4.03168807558e-05
0.000131233687398
2.30072958382e-05
0.000738976486998
4.16305682084e-05
2.45482726226e-05
7.33231930871e-05
3.62766124393e-05
5.79180029163e-05
0.000383969283489
1.25151360434e-07
1.91475159699e-05
0.000890637805992
0.000422672211751
0.000138404599445
2.05504222531e-05
0.000267385130097
1.62957500565e-06
0.000121932984672
0.000194388058009
0.000148526762681
7.49841187505e-05
8.33131715333e-05
0.00034282827337
0.000248658583676
0.000881209232796
1.85811607018e-06
0.0
0.000159061333516
0.000263295464608
0.000158209739451
1.28249669276e-06
5.13165683959e-05
0.000119340675538
3.26527721333e-05
0.000108326091352
0.000201041478117
5.06047214458e-05
0.000269353312235
5.47875371936e-05
6.90310112474e-06
0.000158433272136
0.0
6.73328956722e-06
5.31599667046e-06
0.0
0.0
3.64435743404e-05
8.19599466976e-05
6.42518145086e-07
2.42103230449e-05
3.93276060144e-05
3.63497506876e-05
1.07943048374e-05
1.84532055639e-05
7.8696020871e-07
4.582649974e-05
0.0
0.000163278808341
5.69969549725e-06
3.60525205289e-05
4.59467215662e-05
0.00010672235085
2.35405895056e-05
7.20730896843e-05
2.24667566763e-06
0.000127121954792
0.000152081207949
0.00013551215419
9.71322687664e-05
6.08412021878e-05
4.83411058788e-05
5.66621260845e-05
0.000707752423211
1.21435929421e-05
1.98031110391e-05
3.36579174861e-05
1.06805308734e-05
0.000213923440327
4.24035599639e-05
5.88810352995e-05
0.000102076955188
0.000252807010507
1.69508874415e-05
8.39528304212e-05
3.62711856097e-08
0.000103690811397
0.00438481128596
0.000216207143432
0.000351132924488
6.95457897996e-05
4.39243295231e-05
0.000420340661752
0.00019174848971
0.000178775004376
0.000359872365736
2.62477920179e-05
0.000165912045407
0.000150333546179
0.000120631526194
0.0
3.16061363174e-05
0.0
4.62104398317e-05
4.66252796223e-05
0.000953661820385
0.00017541739323
0.000274740848713
9.32052435541e-05
7.90649675704e-05
8.93206948587e-05
4.38729561695e-06
6.35703558699e-05
1.31871815305e-06
0.000107091056136
1.21173181451e-05
1.19751533482e-05
0.000168023356754
4.48966765094e-05
0.000381777243728
5.01016263733e-05
0.0
2.40014963756e-05
2.72583455491e-07
2.82375722897e-05
6.42518145086e-07
0.000322921072267
8.79992194142e-07
5.78044506787e-05
0.0
2.59861632354e-05
3.64761041864e-05
8.43829338961e-05
0.000741782332686
6.06356197648e-05
0.0
1.47448800565e-05
0.0
2.90154604391e-05
3.42576884611e-05
5.87637042702e-09
2.04905664219e-05
0.000114193211664
1.77928101716e-06
0.0
1.85238068452e-05
0.000185166187196
9.81300439768e-06
0.00011602424642
3.64971066565e-05
0.000192576262899
3.51439215095e-05
1.71890078635e-05
5.16095291374e-05
0.000191971928638
1.43924064499e-05
3.42096636699e-05
0.00050124128786
0.0
2.58992998277e-05
1.35222773018e-05
2.69857620936e-05
0.00690226885252
0.00628558558415
0.00666632988617
0.00592344431156
0.00583783663206
0.00518806118868
0.00174340851236
0.00529085522732
9.22590157046e-08
0.000119882668188
6.60250072443e-05
0.000262406039614
0.000120798655367
0.000553509595947
7.78809872831e-08
2.94794287355e-06
0.000480807407011
9.46455775801e-05
0.000107759285012
1.3211579335e-05
0.0
0.000317982422134
5.06550399869e-05
0.000109755818591
0.000115405505818
1.78717137866e-05
0.00013434295817
0.000204840203363
5.35074978517e-05
0.000124729407475
2.81234931983e-05
3.54092465663e-05
0.000107246679991
0.0
9.24999042153e-05
2.07809205818e-05
3.40754842661e-05
0.000337018486256
1.99894534027e-06
2.33737640697e-05
1.98666567389e-05
6.45142670012e-05
5.75980692907e-06
5.45209703336e-05
5.9968360208e-06
2.57007258034e-07
4.4976270156e-06
2.71940889033e-05
2.49216155344e-05
4.77272464409e-05
3.7215658835e-07
0.0
0.000245336769823
1.24934083767e-05
0.000149739600125
0.000187742899755
9.56131513808e-05
9.6313220595e-05
4.59361252318e-06
0.000711485509727
0.000251173770017
0.000225277859211
4.88999630722e-05
2.16453312159e-05
3.3348229438e-05
6.84387041791e-05
0.000112973358993
3.48432764845e-06
0.000315496481338
8.59944733828e-05
8.327550373e-05
3.87593750665e-07
1.82626333944e-05
3.42676344046e-06
9.99993346636e-05
0.000123653209566
5.40836674259e-05
6.54033847212e-05
7.40263775837e-05
7.02781228829e-05
0.0
1.85694470732e-05
5.41630479227e-05
4.85687869252e-05
1.2730125588e-05
0.000111986230079
6.58943558396e-05
1.4992090052e-07
1.05146160505e-06
1.52980510734e-08
0.000226151167254
0.000137927840442
7.33745365028e-05
2.01130493414e-05
4.13574897986e-08
4.9868778609e-05
0.000359075576903
3.32551815699e-06
3.24686223451e-05
0.000265173527962
0.000150658109624
5.51913158092e-05
0.000117188823773
3.56421606255e-05
5.95268968679e-05
0.000187767978631
0.00022511403515
4.62607785751e-05
0.0
1.20703554781e-05
3.08958867111e-06
0.000175081987555
1.68962282704e-05
0.0
3.99789068053e-07
0.000169507829047
7.31544939718e-05
0.000151440371287
2.37091054346e-05
0.000367334765267
0.000150496085677
6.55003685713e-05
0.000143039343456
8.25409727585e-05
9.99472670134e-07
9.07841711354e-05
0.000845235088907
0.0
3.42725489284e-05
0.000151912347966
6.51973216091e-05
0.000155326291319
7.70741008351e-05
5.28700645099e-07
0.00013580028414
0.000405170681969
4.20830597951e-07
2.17607923802e-05
4.22338006882e-05
6.13637599578e-05
0.0
0.000115481280077
4.52502503901e-05
0.000129845064769
0.0
0.000162000941674
5.33989703536e-05
9.6176296686e-05
7.52544128101e-06
0.000133903277708
6.61899123552e-05
0.000135162676989
0.000202519235308
4.67268723936e-05
2.05524475017e-06
1.48152462582e-05
0.00037557251574
4.59043519211e-05
1.62957500565e-06
0.000170031626785
0.00123290968512
1.68989333248e-05
6.06967208583e-07
0.000180038320261
5.30558474828e-05
4.64501177085e-05
8.53793581215e-05
3.31137994643e-05
4.81957269533e-05
0.0
0.000132820098906
0.000156726435834
5.57747685851e-07
0.000181774775545
0.000236922587363
0.000213769182873
1.77486671019e-07
6.24028266746e-05
9.20251743851e-05
9.05665943738e-05
1.15323769631e-05
4.53737304924e-05
0.00113666845861
2.9439013193e-06
0.000162331329653
0.000318543329103
0.000102162596386
3.62852034592e-06
9.43677932065e-06
4.43115962128e-06
2.44127489268e-06
1.54854131105e-05
0.0
0.000115304921367
1.42940391355e-05
5.68665484731e-07
2.77084865246e-05
7.25877712069e-05
0.000362928141063
0.0
0.000136307171347
0.000106671979202
2.75717342069e-05
0.0
0.00017839283905
3.92896153087e-06
6.42789544821e-05
0.000732383929073
9.80999019368e-05
0.0
7.47291727733e-05
0.0
6.97434225862e-07
0.0
0.000253846313315
1.9374391121e-06
0.000879585911018
2.53787819923e-05
5.13623163281e-05
0.000183938016796
7.27917279346e-05
0.000216648147701
9.20942674623e-05
0.000179147289219
0.00170791205318
6.36270150029e-05
0.000100462472369
2.60572944317e-05
4.98697382187e-08
9.32555893893e-05
0.000497628105662
7.8996359751e-05
0.000342852813338
2.06616184506e-05
2.14172715029e-05
4.13428930375e-05
0.000123845300897
0.000191033734596
2.62865401262e-07
8.65340142837e-07
5.06504834814e-05
0.000173042052504
0.000195784252916
4.6482751606e-05
3.65414889296e-05
0.000615702806842
0.000234357887865
9.64662127627e-05
0.00011952481269
0.00270899877348
1.68491035782e-05
0.00013390943131
9.88713397368e-05
0.0
6.38656167803e-05
1.24232154599e-05
0.000172203165607
0.00025700977534
7.99236364922e-05
3.66631360172e-05
0.000502827102703
0.000195128854551
0.00038072123694
4.84776972955e-05
0.00149246140389
3.28969290284e-05
0.000680924849495
0.000330806583385
2.58193719167e-05
5.9968360208e-06
0.000118066233714
0.000127401140254
0.000155747901575
0.00011421003027
0.0
0.00014804722047
0.000126979865698
6.42189360107e-05
0.00251857838102
7.94304890401e-05
0.00159916389637
1.04953986776e-06
1.0368751583e-05
0.00103964658198
0.000427152490779
0.000166512443166
0.000390971045177
0.000219401066362
7.65037536477e-06
0.000193345222567
2.74622004481e-06
4.32676947738e-05
0.0181460027506
5.1551748249e-06
0.000101505300594
2.76212805768e-05
2.43279490819e-05
8.63138134739e-05
0.000114663549429
3.83797505331e-05
8.98232668835e-05
7.93607260415e-06
0.000122114836179
9.69253983522e-07
0.000140816961994
0.00110188739931
8.87781952621e-05
0.000458143442213
0.000390037376439
0.000561261714664
0.000117334748996
0.000241238548223
4.12350499732e-05
0.000232444827054
0.000609501333281
0.000222714991535
3.44756344671e-05
1.52184284982e-05
4.06641606291e-07
2.96872822319e-05
2.80346468957e-05
7.47298027208e-06
0.000118618375154
0.0004807986992
0.000241115700087
0.000267610873409
4.37640065303e-05
1.06389802611e-06
8.27300040529e-05
3.172326255e-05
0.000150768806111
0.00021338412408
7.46562870424e-05
0.000104925651094
1.8976641032e-05
1.92753468825e-05
6.78897707989e-05
0.000131779802358
0.000288567404791
0.000258207786348
2.9439013193e-06
1.65429959195e-07
6.92378997481e-05
0.00047826037586
0.000503148521369
0.00132599397835
3.44460632975e-05
6.83322341215e-05
4.56434961326e-05
0.000196433539586
4.42777335456e-05
0.000448896553736
0.000131527209757
2.8873987815e-05
0.00039946411705
4.9140374994e-05
0.000279816324656
0.000160726418641
3.16009741292e-05
3.29783861137e-05
0.000172771807688
0.00538770963924
6.88878104662e-05
4.47992927024e-06
0.000374691098117
6.39662508886e-06
2.46415732059e-05
1.69878916683e-05
1.79905080624e-05
1.32054294028e-05
5.22769020047e-05
3.68588570177e-05
6.64052678679e-05
0.000110908799242
3.24625251146e-05
3.94572170615e-05
5.94550197491e-05
3.89278258832e-05
4.21591108273e-05
9.11171140777e-06
1.73648921965e-05
2.9962296961e-05
0.000397460170771
9.50132737661e-05
0.000510088754371
0.0
3.79294576275e-05
4.03161303188e-05
3.99789068053e-07
5.2507467425e-05
0.000318348690656
4.66044155435e-05
1.38544814877e-05
0.00013893358513
2.2005977408e-05
3.42013891291e-05
5.59282003101e-05
9.90761211415e-05
0.000162473530537
6.62558966499e-05
3.47811795561e-05
0.000528844644142
6.61900768362e-05
0.000131650512051
4.30138732825e-05
0.0
4.32586966335e-05
0.0
0.000135203248707
0.0
6.68264412726e-05
9.9008066672e-05
0.000629144004259
2.62765344143e-05
3.36682446201e-05
6.74828443424e-05
0.00030967575662
1.4992090052e-06
0.000124911051251
0.000191751421668
2.43936397238e-05
2.55090803658e-05
2.50998006204e-05
4.22689656728e-05
0.000678864314609
0.000382699460168
8.29978047615e-05
2.73699846756e-05
3.14280962075e-05
0.000106997384869
3.89200180431e-08
5.51138541845e-05
2.94842926908e-05
0.000192067566953
0.000144931702178
0.000155444281566
0.000142674054261
8.75750557687e-05
2.80547432626e-05
0.000212699246746
0.000386261795108
0.000498917531972
5.80338969755e-07
8.8799611731e-05
2.16137554932e-05
2.65760303702e-05
0.000461761674232
4.07749485965e-05
0.0
0.00012182397613
6.89690549423e-05
3.12614110132e-05
0.000243507161832
8.64801616212e-05
0.000120706496213
0.000101106897655
4.40453553385e-05
0.000286757308889
0.00027201482397
7.89385951853e-05
6.27277824457e-05
3.79446012214e-05
0.000309571562385
6.25616301667e-05
6.35920939443e-05
0.000200647098205
2.87812040972e-05
6.05219143022e-06
1.12914173195e-05
1.48087504493e-05
0.000176150531324
0.00034018946844
1.66639851117e-06
0.000473528602503
9.72609936333e-05
9.96027830986e-05
5.46030183512e-05
9.70079361509e-05
3.09179917248e-05
0.000148222413778
0.000126036176352
4.16683607682e-05
0.000445239377425
2.18803476435e-06
0.000137860373635
0.000103239431835
3.10668072215e-05
0.000224101244747
1.79905080624e-06
2.26163969255e-05
4.62600496334e-05
6.09445606786e-05
3.32543479635e-06
0.000384011377774
5.38425599717e-07
4.6935237814e-05
0.000184404816235
5.62006989557e-05
6.61440922398e-05
2.78364315037e-05
0.000154667262215
9.28158236338e-05
1.99894534027e-06
6.67855266682e-05
0.000204408869915
0.000143602818885
0.0004258583459
0.000570001131806
1.04908591332e-05
8.17750366473e-06
2.8436609518e-05
0.00036908978529
7.07761009307e-05
4.15448280562e-05
5.36533190033e-08
4.67665545556e-05
0.00017065870334
0.000764291132537
6.06021479041e-05
4.72531955219e-05
0.0
4.35089592148e-05
2.53647702263e-05
7.30707019537e-05
7.01493155232e-05
1.84599496721e-05
6.49054672978e-05
4.89853705967e-05
2.87673932726e-06
5.66360975132e-05
3.03846998617e-05
3.91948814643e-05
3.97055924471e-05
0.000117972888753
0.000638353899096
0.000244837533963
2.92506106691e-05
9.69953482136e-06
2.57262764194e-05
0.000219938995976
2.87848128998e-05
3.74790351079e-05
8.51888882623e-05
9.79110624039e-05
0.00013966830981
5.52930928348e-05
3.25890714064e-05
0.000414499613619
6.879346764e-05
2.70348850322e-05
4.54399450871e-05
0.000283217676577
0.0
0.000778623639065
0.000314746233038
0.000106518067662
2.04539751989e-05
0.000861796000143
9.0921561477e-05
1.81657185778e-05
0.000170593954358
4.1491622198e-07
0.0
4.0007621131e-05
8.08969006428e-05
3.2920651316e-05
6.64863638542e-05
3.86426302688e-05
2.96151230034e-05
2.34088659303e-05
7.70873873681e-05
3.90491647866e-06
9.29249979933e-06
0.000146241970442
3.66507526252e-05
4.99736335067e-07
5.08348407249e-05
0.000377517917546
0.000158161833677
4.72683693131e-05
0.000144537547105
2.55329034626e-05
4.57187636081e-05
9.25894630673e-05
8.83592059055e-05
0.000745478230681
1.60930476394e-05
9.38118722592e-05
6.99471743559e-05
0.000115379136321
0.00186250394174
4.20830597951e-07
3.33272722218e-05
0.00131632665759
0.00058095226209
5.44708787527e-07
9.89035740702e-05
0.000514973942483
1.32331800105e-05
0.000176661030079
7.87066617744e-05
0.00275082003409
1.98146070781e-05
4.05270871053e-05
0.000234821109084
4.8851919244e-05
0.000610354172756
7.91553273866e-05
0.000126247487546
0.000177107443294
0.00012005898599
0.000154220712207
2.5978330169e-05
0.000320360170339
9.13231660977e-05
0.000221927840798
2.64604327926e-05
0.000180199725102
0.000105712793349
7.40634876073e-06
0.000533192659003
7.34817817883e-05
0.00223192777341
3.78092205983e-05
9.13049365581e-05
3.5533826023e-05
0.000111008245094
2.94710721485e-05
0.000108942256965
0.0029441985722
3.74192577868e-05
0.000112572731466
2.46542396105e-05
4.99346903408e-05
0.000106754796335
6.31316024394e-05
0.000868858227249
1.46734361533e-05
3.77689801084e-05
1.42143193708e-05
1.98020198266e-05
1.5682930826e-05
3.45883208228e-06
0.000492080626753
0.0
6.62679688453e-05
2.79576631039e-05
5.79457014727e-05
8.11302117943e-05
0.00642944990236
3.5388678382e-05
3.33035913087e-05
4.99736335067e-07
8.63829950615e-06
4.72349726768e-05
0.000475768856085
0.000143257729431
8.46908508856e-05
2.54091291492e-06
0.000257977180542
3.95395781592e-08
6.6802263428e-05
6.36147879716e-05
4.18605492517e-05
3.11523949133e-07
3.42198191008e-05
0.000208219385711
4.4530126989e-05
5.27738506083e-05
6.91477388387e-05
1.71338172023e-07
0.000386780898621
3.6276947802e-06
0.0
9.20306421478e-05
0.000499346142206
7.44133891336e-05
0.000397045326844
0.000233166293812
3.61049718907e-05
8.9778279273e-05
0.0
0.000290211403991
1.35376653841e-05
0.000115156473569
6.7536922234e-05
0.000262395009954
0.0
3.68081781152e-05
1.57811474232e-05
0.000584725215236
4.40796764749e-05
2.00663359158e-05
0.0
5.25673782619e-05
1.79905080624e-05
0.000351784104927
5.94458259995e-05
0.000115410059653
0.000551238514012
5.94111002067e-05
0.00146892775604
0.00039643495865
1.72881759158e-05
0.000108865671808
3.19396116607e-05
2.06623529404e-06
0.000136487610136
0.000137657995645
4.65067125742e-05
9.51043526639e-05
2.52912886606e-05
0.00012217531078
1.98085740856e-05
3.15199760318e-05
4.09368241219e-05
1.19936720416e-06
0.00253462925163
0.000123643101437
0.000133597843956
5.10481543595e-05
6.81458638727e-08
0.00061761281959
1.16821480925e-06
4.96794634965e-05
0.000241170327343
2.9984180104e-05
0.000102485411267
0.000188760249049
0.000188197944829
1.55386152064e-05
0.000253808449512
0.000111204904292
0.000229915743496
7.52556655878e-05
0.000120952695043
1.15526829608e-05
7.22258949916e-05
0.000140351643122
3.63602366244e-05
0.000229595671895
3.25831359628e-05
0.0
2.65928407915e-05
4.26445811194e-05
0.0
0.0
9.84238048807e-05
1.50980145009e-05
3.56843386774e-05
0.000393422132907
0.000124264154106
4.5105610727e-05
0.0
0.000119731742265
0.000209075688279
3.02565890252e-05
9.7200133286e-05
2.05320242807e-05
4.96221705897e-06
0.00022272960316
1.89445501566e-05
3.00824742792e-05
0.000135877600863
2.28585278911e-05
9.15037871176e-05
1.96352962821e-05
6.84719770543e-05
4.23307514633e-05
0.000389712523818
0.000295747739374
0.000328323333239
0.000212844846627
0.000104465323974
5.15231442494e-05
7.35208010789e-05
0.000199803411256
0.000129957141687
0.0
2.31800776958e-05
6.11917411226e-05
5.41077699346e-05
0.000513416455406
4.44843388553e-05
5.9968360208e-06
5.73167236714e-05
2.96534942299e-05
2.26210366922e-05
5.75980692907e-06
0.000100999252671
3.86892646503e-08
2.52397844089e-05
9.77316940212e-05
6.34051777417e-05
0.000235554473616
4.8837255397e-05
7.65433267412e-05
0.000134022073495
0.00010535939515
5.24653616634e-05
0.000375534655964
0.000125196044003
0.000121630091365
3.50455134302e-05
5.51840171494e-05
0.000106719134158
1.09401738217e-06
4.45825776121e-05
7.67438230636e-05
0.000355323058941
2.93882192341e-05
0.000149024955151
1.46373953829e-05
4.4976270156e-06
0.0
5.47597301296e-06
0.000345115320591
3.7289171737e-05
0.000103080442949
1.42754001024e-05
1.5191492235e-05
0.000122295544089
0.000826210907967
0.000114774942889
0.0
0.000948913415073
0.000771717424188
0.000681783889303
0.0
1.41193250557e-05
5.80352733201e-05
3.84735870112e-05
1.40311390382e-05
0.000840234426039
2.05823609189e-05
2.81297314958e-05
5.12926324927e-05
0.000208874864669
2.08585600724e-06
9.78909805961e-05
1.18230768584e-05
0.00303794613978
0.000200563582928
4.84425346792e-05
6.90955427566e-05
9.4593730659e-05
0.0
4.11344637999e-05
9.41328088776e-05
0.0
2.88231385436e-05
0.000112632682984
0.000215229661088
7.69380160201e-05
3.98152724795e-05
2.64717475775e-05
1.97038897826e-05
0.000481308438142
0.000127835270732
0.000743319693143
3.943760749e-05
2.64515457426e-05
1.1850207065e-06
0.000427832267393
0.0
4.02977756325e-05
0.00024885252302
1.99608970407e-05
7.44809069745e-05
0.000155096347835
5.6621697557e-05
0.000158488064326
0.000586160568557
0.000177809977482
0.000118771418656
3.39165471818e-06
0.000677108639516
0.000297469099136
6.23088285737e-05
4.41585197895e-06
4.76651614363e-05
3.15633560032e-05
7.92201422252e-05
5.14293226226e-05
1.68874959402e-05
0.0
6.24166392969e-05
3.72657102808e-05
0.00026322961969
6.93147786298e-05
0.000251849566864
0.000282599061248
0.000140429543711
9.5145466117e-05
6.54644012672e-05
9.28615408064e-05
0.00023772459739
0.000176922661643
3.66223153249e-06
6.38863036682e-05
0.000146504903527
2.166204032e-06
0.000447291476279
0.000105457627948
0.000167428073535
5.44689411017e-05
1.91171424633e-05
0.000195393574716
6.45916044077e-05
2.45794441378e-05
0.000378747405451
0.000153439269902
0.000190777001548
0.000136515045792
0.000149353272142
7.12111270812e-05
4.90165856011e-05
4.9146248618e-05
0.000149422500448
0.0
0.000128803231589
0.00112972891831
0.000162461517711
0.000327866647675
3.83677541492e-05
1.77246384851e-07
2.29938097443e-05
4.56789684099e-05
0.0
0.000211776018381
0.0
0.000277961555082
1.37509866265e-06
3.44363765437e-06
0.0
0.000159873664022
8.15635839065e-05
5.46440055143e-05
0.0
1.04675248634e-05
2.85459163174e-05
0.005789976933
7.82917944053e-05
4.00472548193e-05
0.000193464921289
9.33926329906e-05
0.000140374538864
3.37789693863e-06
1.8810202826e-06
1.77924474232e-05
4.68843543444e-05
0.0
3.69389522684e-05
6.60009027813e-05
0.000139519024126
1.50458474311e-06
2.75937737449e-05
0.000578801176311
0.000522514237672
9.9369973819e-05
1.9245230676e-05
0.000137240022013
6.21717452887e-05
3.51331870021e-05
4.27617137582e-05
0.00247621099247
1.43924064499e-05
0.00154584105107
0.000341343379848
2.75159819497e-05
6.99472024573e-05
1.79905080624e-05
6.3808794025e-05
0.000269011677351
7.72226837973e-06
2.50731066298e-05
1.53056185329e-05
3.89200180431e-08
0.000132193224564
3.69036062819e-06
3.31429609678e-05
3.46037208189e-05
6.19679801024e-05
0.000580248638597
1.2939999651e-05
0.000285944911642
0.000155245959419
0.000103788295482
1.79905080624e-05
4.07612994385e-05
9.55597662665e-07
9.63791055652e-05
5.74474940943e-06
6.29582700214e-05
1.24048016745e-05
5.22186168763e-05
7.17276516955e-05
0.000155584495704
1.77771818798e-06
0.000114364867745
0.000207930945963
7.98963076002e-06
4.93801550564e-05
0.0
0.000155920815827
1.48886963275e-06
0.000122684812859
0.000126322767727
1.82757698182e-05
0.000111597825418
0.000335330923076
0.000114586936039
0.000156086667446
0.000131083954673
0.000187915349386
0.000112346298372
3.0564093917e-05
3.39488248483e-05
1.70637243137e-05
2.98455909551e-05
4.52657968179e-05
0.000134969555762
0.000104438963203
0.000108219471203
0.0003127423273
0.00010562346671
0.000102904358447
0.000540517446041
0.000293427432802
0.000107815023072
9.51618589459e-05
8.86824623677e-05
8.69226328994e-05
2.1899914241e-05
9.69659707182e-05
4.87154291301e-05
2.87848128998e-05
6.3985189803e-05
0.000289248132886
5.58339135693e-05
6.14852275116e-05
1.80504764226e-05
0.000105259104594
6.2655096287e-05
0.000169127308303
0.000227657510527
5.92791028786e-05
1.71503972403e-05
4.16231874999e-05
6.44194596211e-05
5.80338969755e-07
3.95763389087e-05
0.000137741301781
7.30543719018e-05
0.000107024946863
5.5941447592e-05
2.98538141036e-06
1.48534190784e-05
0.000106986986227
0.000184024542426
0.000236351775549
9.66573295015e-05
1.91898752666e-05
5.18529649445e-05
7.89912512902e-05
2.04743234394e-05
9.29054388771e-05
0.00280167112583
0.000107792118597
7.2056600927e-05
7.99496162668e-05
0.000208261178601
1.26800478238e-05
8.59697285742e-05
6.20302640692e-05
0.000127767264011
5.37097289765e-05
3.25391547035e-05
1.79905080624e-06
2.83383983077e-05
9.59811857811e-05
0.0
5.34597131034e-05
1.79905080624e-05
5.85297930075e-05
3.86275398726e-05
2.97867867834e-05
0.000124762739376
4.46703811946e-05
0.000287441804977
1.30840058636e-06
2.26893276285e-05
6.46248073482e-05
8.39557042912e-05
0.000113246419428
5.71587580093e-05
1.39373105938e-05
0.000323182420573
0.000203304301674
4.59773946912e-05
2.57519808122e-05
0.000143815855493
2.47090550041e-05
4.39444348271e-05
2.31652111489e-05
3.74225779286e-05
0.000289463641311
0.00035005990389
4.90976347977e-05
1.39031908798e-05
3.4231211322e-05
8.17465102558e-05
4.9013906427e-05
2.51171630585e-05
0.000573517748787
3.03890946729e-05
9.08494260001e-05
6.8935453938e-05
1.97697890796e-07
8.44994088325e-05
7.21943551214e-05
3.61530883458e-05
1.50213179522e-05
0.000179045063161
4.76396600184e-06
0.000176758726665
4.59490033487e-05
1.68714812451e-06
0.0
4.98392506267e-06
2.73444912313e-05
9.01261974076e-05
2.83564674698e-05
1.79905080624e-05
1.43924064499e-06
0.000805794872671
0.000150137717662
0.00105030901793
0.000329583897039
0.000124508562687
0.000299750031952
0.000444240188458
0.000467245966056
2.26685821735e-05
4.34056117663e-05
0.0
4.34101850856e-06
0.000177705235522
0.00012818313321
8.2242322571e-06
3.39545164374e-05
3.14833891092e-05
4.41675363104e-07
0.000264527371631
2.82650755501e-05
1.59917440159e-05
2.57007258034e-06
5.5471891607e-05
1.3416167978e-05
3.97692802833e-05
7.72456335855e-09
0.0
0.000627388169395
5.38109955429e-05
0.000149702263017
0.0
2.39873440832e-05
0.000155118212589
2.94897601129e-05
3.92745820042e-05
1.4540378471e-05
2.26550420904e-05
4.50889926376e-08
0.0
2.61995079091e-05
0.000131196960527
0.0
0.000101253394555
7.78661248617e-05
1.71378886044e-05
5.38012023955e-05
3.14019667218e-05
5.59704695275e-06
0.00012749190545
0.000111215885298
2.26919748989e-05
0.000293791381859
3.0155518276e-05
0.000181531072679
5.97179256577e-05
1.83769802328e-05
3.10488523274e-05
1.31347703937e-05
0.000114749523839
1.09033382196e-07
0.0
0.000165404739032
3.0175590323e-05
0.0
1.10937020797e-05
0.000170085827123
5.9968360208e-06
4.81011751032e-05
0.000107389127642
0.000110778562774
4.37880614462e-05
0.000146955737997
3.31967708294e-06
1.41207549037e-05
0.000144079346571
1.53960022311e-05
7.90461349101e-05
7.05611233082e-05
6.9071314013e-05
5.34306330951e-05
5.24306722116e-06
3.92367241295e-08
0.000105343868673
0.000184662556238
5.45099908998e-05
8.26430588515e-05
0.00013290367069
0.000174126386359
3.29155358887e-05
7.03845263727e-05
0.000265163020601
0.00171445502378
0.0
3.23350524408e-06
0.000191263142382
0.000108778236362
2.72271931542e-05
2.30448456472e-05
3.06658732999e-05
0.000291828905739
7.1874594292e-05
0.00027488908143
0.00495544599383
2.9279013127e-05
2.54883670647e-05
0.0
8.45375239682e-05
0.0
3.52647948187e-05
1.30840058636e-06
0.000126387513753
8.28188618961e-05
0.000575899353585
6.15732958838e-05
4.88313790265e-05
0.000204756482921
7.58384333615e-05
0.0
0.00118113784919
1.14982812399e-05
0.000129594970091
5.85310515427e-05
5.23592214858e-05
0.000178982442159
2.85316457598e-05
3.68747931693e-06
0.0016952528759
7.7033397591e-07
6.46102317686e-05
0.000293004487748
5.658690181e-05
6.00592213598e-06
7.23958209745e-07
0.000186996055022
1.71868422661e-05
0.000183956765079
1.11073252821e-05
0.00048066712919
3.64507374523e-05
0.000109051221613
4.86703495658e-05
0.0
1.22657507129e-05
4.1232543341e-05
4.26014991284e-05
2.721957552e-05
4.73802040238e-05
3.06563310947e-05
0.0
9.99220176521e-05
7.14395755197e-05
7.2534851092e-06
3.58458400615e-05
8.08325450992e-05
0.00125413684214
7.05674338179e-05
2.9984180104e-06
0.000438444013399
0.00022814942292
1.33933985262e-06
4.78474659239e-05
0.000130641189272
1.61914572562e-05
0.000186878770562
4.762463961e-05
1.19936720416e-05
4.3696152665e-05
0.000139943365582
3.48450706311e-05
9.28909173113e-06
4.02372017849e-05
3.75283280927e-07
7.83799893171e-05
0.0015133419412
0.000420430625858
7.45032794952e-05
0.000163335500724
2.62481833317e-06
0.000742232566708
0.000252975510185
1.50235730304e-05
5.11182265945e-05
4.39315252047e-06
0.0
0.000115587669681
0.000121845536511
0.000208410746988
7.39238454783e-06
0.00125852316745
7.86624836585e-05
4.03226029212e-05
7.25226935024e-05
1.48126975215e-05
9.77278645733e-05
6.30309711586e-05
0.000215242143523
2.62859814534e-05
6.8979612519e-05
3.74339840749e-05
0.00203936529996
0.000147751095854
0.000131982421471
2.50740136565e-05
0.00199361675901
0.000230260734299
0.000213218667882
3.70963230714e-05
3.44123069423e-06
0.000163376508134
2.52709041239e-05
6.50369678328e-05
2.93844965019e-05
3.86138997046e-05
0.00102822577052
6.51564437524e-05
0.000140596395265
3.27055226469e-05
1.36616401757e-05
3.00849123694e-05
6.48187422837e-06
3.66103678228e-05
0.000915380132356
5.5127452274e-05
4.11437814343e-05
1.80091317768e-06
0.000440802221553
2.42330669724e-05
9.97635020961e-05
0.000229043813539
0.00044429866734
0.000234687061504
1.1559474898e-05
0.0
3.6525949152e-05
2.28792330794e-05
8.90470149206e-05
2.323092571e-05
0.000395645203805
0.000306620287389
0.0
3.36992511821e-07
0.000362706645385
2.91976241447e-05
0.000201176841848
1.9709530855e-05
6.42186687089e-05
8.18091703052e-05
2.14701614025e-05
2.81574128288e-05
0.000226653013842
2.33746181823e-05
2.08193081636e-05
3.1832135589e-05
0.000131874248909
6.42518145086e-07
1.14225448015e-06
4.3381207628e-05
2.08260838936e-05
0.000149900742241
0.000880218897141
1.30741830363e-05
3.85252860655e-05
0.000576595984499
1.19936720416e-06
7.02464303013e-07
7.32434681487e-05
0.000209745419919
5.06794347353e-05
2.70385464568e-05
7.72410658321e-05
0.000187327970926
0.00014052605763
0.000313591358858
3.56159771036e-05
0.000151088538106
4.12014760536e-05
2.45277096698e-05
6.51830002261e-08
0.00011326399391
4.49328431501e-05
2.02892952037e-05
2.43395037247e-06
0.00548750939675
5.59631610533e-06
0.00024716719407
3.72239347468e-05
0.000120745935411
6.19437411245e-05
8.54746849134e-05
3.73386760004e-05
0.000117343476022
2.97418531854e-05
0.000215466249084
0.00016929178215
0.000247210452118
0.000100713698882
0.000110006326666
2.04151128383e-05
4.65291752869e-06
1.4992090052e-06
6.40774907067e-05
0.000108715103076
1.25719832721e-06
0.0
7.2901578252e-06
9.46868845389e-08
0.000168851085107
2.54800066983e-05
0.000206193632821
2.28436330101e-05
1.4992090052e-06
0.000251421671484
0.0
0.00025276781207
0.000135685963154
2.55171491906e-05
0.000316465389138
3.52460739987e-05
8.18278883801e-05
0.000509887514552
1.85513981161e-05
1.71842232302e-05
2.22219504873e-05
8.56690860115e-07
0.000133111698456
1.97524243109e-05
3.8751742993e-05
6.51320710829e-05
7.04071714066e-05
9.44178768831e-06
0.000206307806526
0.00012536502523
2.97413932206e-05
2.73382462204e-05
0.000829853847296
0.000125310163644
4.07177807731e-06
0.000334652077127
2.99542258781e-05
0.000178095765801
6.90762443361e-05
0.000118712272229
5.27451201028e-05
4.27014042319e-05
0.000107825302768
0.000548817997943
4.14724553175e-05
4.05165033494e-05
5.22220843611e-06
3.87775304901e-05
0.000203461304246
0.000226704615948
8.30331141342e-06
2.46002465428e-05
0.000122859809173
0.000103396607645
7.28698929005e-05
0.000342721637677
0.000162359248404
0.000418597194457
1.92240563665e-05
0.000129995923954
0.000272105281179
0.000113444984965
0.000289761645108
0.000260438917226
6.53087701096e-05
4.99665876699e-06
0.000276968010787
0.000543638029482
0.000123557367138
0.000104658639951
0.000166700631807
3.78589026034e-05
0.00014967841469
6.32019482584e-07
1.75531492476e-05
1.46172878007e-06
0.0
2.7067259845e-06
2.0878732761e-07
0.000231263544485
8.22198311213e-05
0.000115950361134
0.0
0.00156697332015
6.81135261838e-05
0.000182999612107
3.19132721895e-05
0.000206813934743
0.00115944799333
2.95869479327e-05
6.76815721355e-05
0.0
3.02977127483e-05
2.99056574853e-05
4.05472192487e-05
5.07287069914e-05
0.000232532584844
2.49639133502e-05
0.000121179961376
7.3788449196e-07
7.00928885548e-07
9.27442184351e-05
7.55857171532e-06
0.000101667177539
0.0
9.53112573097e-05
0.000508842578044
1.81404289629e-05
4.7593936673e-08
0.000231575572347
1.96101613907e-05
3.90474138147e-05
0.0
0.00014947640861
4.58585424777e-05
0.000209300773933
4.86320580094e-05
9.75950524731e-05
3.22518912043e-07
0.0120137494155
0.000303858256171
0.000212456869502
0.0001313531238
6.37114795518e-05
3.27440875909e-05
0.0
3.18315924911e-05
4.4167624639e-05
0.0
5.5576962609e-05
6.62371214218e-05
0.000158327678487
2.12064499967e-06
4.66730598398e-06
2.68305992036e-05
2.17543478564e-05
0.0
0.0
5.37697428518e-05
9.10959418864e-05
8.0169151e-06
0.000465444473703
6.74394530548e-05
0.000685612899793
6.11008234135e-05
2.19427217082e-05
0.000182801894437
3.30348213456e-05
1.0116848989e-05
2.28693614825e-05
0.0
0.000157363697539
7.00616703043e-05
0.000135900692896
0.000693111712012
9.07546880957e-05
4.21716138355e-05
6.46095048086e-05
5.7058077861e-05
8.4984564463e-05
0.000257674374721
0.0001012639382
0.000145180836874
0.000150661190356
0.000178347885946
4.74427082894e-05
5.01914623708e-05
1.69864411718e-05
1.6967175302e-07
1.79273463733e-07
2.12661624465e-05
0.000275276919485
1.60929495775e-05
0.000102961806892
4.31626819385e-05
1.88349684235e-06
4.97310536432e-05
0.000174966619503
0.000165587515785
0.000102524056572
4.41585197895e-05
6.05219143022e-06
0.000163869697596
4.02644704254e-05
6.22449848643e-05
0.00013635513612
0.0
1.37927228478e-05
0.00011030432092
0.000383337686691
0.0
4.51428269554e-05
3.31237001384e-05
0.000142504855805
4.10804156259e-05
8.20212418893e-05
3.94117221162e-05
0.0
3.20686418225e-08
0.000530382066613
0.000166192112604
4.51342484023e-05
6.20453001724e-05
4.94146569547e-05
4.72041489003e-05
0.000371018766046
6.49210357877e-05
1.99312051323e-05
2.73557162548e-05
2.87848128998e-05
1.96299028447e-05
0.000261333007554
0.000155612956255
2.49180422689e-05
7.12170259511e-05
2.26971157272e-05
3.1301727299e-05
6.51133768627e-05
0.000107182462948
0.000302128182538
7.28569332865e-05
3.50705663611e-05
1.79905080624e-05
3.89794341352e-06
2.93299798108e-05
0.000384230436663
0.0
2.46726967713e-05
4.57082338946e-05
0.000322171246068
3.78747538156e-07
0.000190978996025
5.54795952846e-05
5.38739713747e-05
3.70222250163e-05
7.41059649511e-05
0.000144596211568
4.52400905321e-05
6.65467051169e-07
0.000427575732425
0.0
0.0
3.5652903732e-05
0.000234841155873
8.6658422485e-07
2.9439013193e-05
2.92770693948e-05
2.25756227941e-05
0.000252944797027
2.67818446204e-05
0.000246550508213
4.77634042452e-05
2.08948990272e-08
1.98307403716e-05
0.0
0.0
0.0
0.000334244015467
1.68222932532e-06
0.000383440742623
0.0
9.42359946126e-06
1.30840058636e-06
9.69854737865e-06
1.82430064212e-05
0.000373191253519
0.00011755474717
0.000763620944003
2.78460524952e-06
2.92203079911e-05
0.000398260714189
8.65460965924e-05
0.000294837295004
6.92753638497e-06
0.000257540395184
2.64460468517e-05
5.42974391883e-06
9.67035206766e-05
6.16450416525e-05
9.31352743179e-05
0.000246078369587
6.7464405234e-07
4.37121283874e-05
0.000126056894785
0.000129729221383
3.12065038961e-05
0.000857768385577
0.0001955292783
4.18689643354e-05
2.86179002342e-05
2.9984180104e-06
2.97433890058e-06
0.000295933603897
1.03581713087e-05
1.23808370139e-05
0.000105241628729
4.09409891922e-05
7.19620322496e-06
7.56572904953e-05
4.04064040266e-05
6.47943853867e-06
4.61295078523e-07
0.0
0.000234589151953
2.77847355881e-05
5.66622667351e-05
0.000154336562988
0.00038856832622
8.0527285291e-05
0.000236646741146
2.85562605757e-05
7.39789398715e-06
0.000711817712681
0.000184705627917
4.60491786049e-05
6.36253436704e-05
0.0
2.02129364851e-05
1.697562542e-05
0.000121135376736
5.9258208574e-06
0.000168692784976
6.3085015482e-05
6.23086101804e-05
4.98626465176e-05
0.000121729402511
5.93306468826e-05
0.00012469121892
6.09058446777e-05
7.76616643738e-05
3.02716429946e-05
6.42518145086e-07
4.64418575063e-05
3.47893331509e-05
2.53366321879e-05
0.000137386613874
1.16205969896e-05
2.31894457331e-05
3.41743374976e-05
0.000226144300805
1.92443919577e-05
7.04858693324e-05
0.000209500765555
9.64042906431e-05
0.000434849553184
0.00197238852149
7.78943861627e-06
0.000100718434138
0.000483381319429
3.47699413213e-05
1.40016351804e-05
0.000128607688772
1.83018822404e-05
0.0
6.42188791638e-05
5.48241209471e-05
6.35874391832e-05
2.57007258034e-06
0.0
5.54226559561e-05
0.000135705317296
5.89928021888e-05
0.000145355762686
0.000654073315898
4.53873483019e-05
0.000216730634106
8.32570628088e-05
0.000103994055355
3.49815434547e-06
5.14168943838e-05
1.75302103786e-05
0.000315884398348
9.39796273127e-05
4.75862291529e-06
3.00297781659e-05
0.0
2.9984180104e-06
4.55479557473e-05
6.41987377224e-07
2.65504672831e-05
8.08589971779e-05
1.18091540102e-06
3.69269040131e-05
5.7039230385e-05
0.00043911514026
0.000152110024063
2.71707858228e-05
7.41980738237e-05
0.000168158951436
0.000374728049683
4.64452093441e-05
9.76110010036e-05
4.65237660533e-05
0.000225672403077
4.45647500457e-05
1.99894534027e-06
0.000136169464602
0.000100936000973
0.000296761455654
2.39873440832e-05
4.72478325664e-05
8.323753513e-05
0.000427054639294
7.3615065602e-05
2.47583658573e-05
6.8979872994e-05
8.66627742932e-05
0.000124817348376
0.000419703530421
7.93233948574e-05
1.77176583944e-05
2.07653077919e-05
5.6979130404e-06
7.90791563183e-07
2.65389602476e-05
7.73736345097e-05
2.63019123719e-06
0.000365904348522
5.39106274938e-05
4.36230825769e-05
8.7838808747e-07
2.32241104078e-05
9.9344507022e-05
2.77232978296e-05
4.84995188655e-06
7.95199254042e-05
6.3912303221e-05
3.35133588048e-05
2.78203732924e-05
0.0
0.000117583095204
1.00588947728e-06
8.89734342088e-05
9.07600400352e-05
4.44580620483e-05
0.000358973311025
0.000529242154904
5.95367303156e-05
0.000127612317659
1.59977133232e-05
2.39873440832e-05
0.000276715139244
0.000282099669397
0.000192406670409
0.000103106052215
9.08611518304e-08
6.8142672145e-05
7.67321610212e-05
7.77364936044e-05
1.19936720416e-06
0.000152828762437
2.37192502376e-05
0.000127806111955
0.000201252203205
6.92218005567e-05
0.0
8.37442014094e-06
7.79801927958e-05
0.000128854420245
0.000599856845367
7.39553192473e-05
4.28345430057e-07
0.000115559351362
0.000254560531407
0.000175636507258
0.000230001116032
1.37422765584e-05
0.00127714945222
3.94079487547e-05
0.0
2.67786959553e-05
0.000910435823181
0.000129384303077
5.02525352941e-05
2.39873440832e-05
4.5865540537e-05
0.000375274712784
0.00036980753491
8.08145044708e-06
0.000177056868686
0.000142819668556
5.8994847867e-06
0.00388359185849
6.11353607034e-05
9.87583268302e-05
0.000111102095906
0.000252786595486
4.1346928642e-08
2.82431944386e-05
0.0
0.000104768792108
4.15057465379e-05
2.38740138571e-05
2.41329815294e-05
3.91671520647e-05
2.41673656248e-05
0.00061878941062
4.57673489162e-05
0.0010934507875
0.000356315429663
9.86655827738e-05
0.0
0.00160716442699
6.8022736046e-05
2.30647539262e-08
0.000413496352369
5.60607810676e-05
1.19936720416e-05
6.52641827046e-05
0.00123211763395
2.03485691412e-06
5.10314971505e-05
2.8115276043e-05
8.40487329255e-05
1.91898752666e-05
0.000254478752521
5.90392002352e-05
0.000305010976113
0.00058701743154
0.00084565902819
7.70646378976e-05
0.000155637732637
1.47261885269e-07
5.99578199221e-05
7.1122173405e-05
4.38247884809e-05
7.51955586421e-05
4.99750875486e-05
7.31934588289e-05
6.74535522263e-05
3.4812019901e-05
8.52518033535e-05
5.35732330868e-05
1.63298705839e-05
5.75198446902e-05
6.92219802522e-05
0.0
0.000123173668885
7.4298509287e-05
9.18030119313e-05
0.000136657702621
6.91942617785e-07
4.02922912932e-07
0.000201238042668
1.79905080624e-06
3.38689436581e-05
0.0
0.0
3.69036062819e-06
2.39971511913e-05
1.83892338617e-05
0.000378912629405
6.38624142994e-05
0.000279409018305
0.00196622400942
3.98137736057e-05
7.03233773672e-05
1.04365104194e-05
6.70341364042e-05
1.12881619215e-06
0.000112389909199
1.90375746692e-07
0.00164069406443
8.33702863136e-05
0.00028934487953
0.000109298880092
7.2484714741e-05
0.000450052750121
4.09829538805e-07
1.53972163057e-06
1.74265685356e-05
0.000440261326944
0.000257554174428
6.32177309759e-05
0.000224398620723
3.08408709641e-05
1.32283147518e-07
0.0
9.30755609052e-05
0.000106041995062
1.24694400273e-05
8.0447805828e-05
3.86892646503e-08
0.000233739069979
0.0
8.02497004639e-05
0.000275720868905
9.22775420752e-05
0.00026401069357
0.000178670159646
2.85563620038e-06
0.000107932148567
0.0
0.000302278614848
9.31278508849e-05
2.80611188026e-05
0.0
6.33048043903e-05
1.34656227013e-05
0.0
0.000305388738961
3.25542526844e-06
3.63937373143e-05
4.45533538928e-05
1.52323813908e-05
0.00015366948993
0.000380886525241
0.000144150334254
0.000323494901843
0.0
5.26581358739e-06
0.0
1.65316129238e-05
4.68437326563e-05
6.32638852321e-05
0.00093878385158
0.000247283127072
3.64363214322e-05
1.92135035661e-05
0.000141314244511
3.1856150073e-05
0.000103285698547
0.000258183043234
0.000363824265814
0.000227600634315
0.0
3.33446999461e-05
5.67238269907e-05
5.22457178477e-05
3.60794057721e-05
6.63254264166e-05
8.50621490371e-05
3.35194421258e-05
0.00021104411879
0.0
0.0
0.000195061112762
0.0
1.24797109663e-05
8.52197739842e-05
4.54549257487e-05
4.22138034793e-05
6.58001127997e-05
0.000485629373514
0.000132411262253
7.52109228406e-05
3.15590290559e-05
5.41785578117e-05
0.000387789107679
0.000126181854766
7.26856906498e-05
0.0
7.56044208638e-05
0.000198137898945
0.000215302696328
1.08733839938e-06
0.0
6.88433593702e-05
9.5371537959e-05
0.0
0.00010500750877
0.000409575134328
0.000235823587969
1.69910353923e-06
7.54130050406e-05
9.32788861455e-05
8.95522210951e-05
0.000150054307352
0.000224361257928
0.000636680494676
0.0
9.81201095367e-05
0.0
0.000707122107399
6.30835996993e-07
8.95887465558e-05
0.00170593373385
8.30125166518e-05
4.74035609263e-05
1.79765547751e-05
0.000115371165053
0.00710067342829
3.34672922187e-05
0.0
4.98438978814e-05
0.000112317843557
9.03636349061e-05
0.000467429878197
2.87092674739e-05
5.29132590071e-07
7.24271901032e-05
3.92198787314e-05
3.03938340971e-05
0.000969136766817
1.30840058636e-06
0.000322515097266
3.19807160008e-05
1.18445832029e-05
2.81042676095e-06
0.000104105288311
6.21421299454e-05
4.71667947678e-05
6.65267243446e-05
4.18603878185e-05
9.45857847073e-05
4.57916800833e-05
7.25617158517e-06
1.07445814434e-05
5.76618848154e-06
0.0
0.000131391197695
4.98518530988e-05
6.54147206038e-05
1.19635713427e-05
8.10561352262e-06
2.1393615781e-05
7.67542060787e-05
4.25143583782e-05
3.15246082608e-05
2.18204254117e-05
3.38266466537e-05
0.000383150381573
0.0
3.97416061373e-05
0.000113522955664
6.36826058504e-05
5.15691178243e-05
1.13876501616e-05
0.000747843738918
6.35551637152e-05
6.86887656926e-05
5.43288094565e-05
8.79099688943e-05
0.000137193589573
7.96301176533e-07
1.06636220266e-05
4.98770145304e-05
7.57616484106e-05
0.00019279287329
2.81081259142e-05
4.12049550716e-05
0.000778391155782
0.000343239039694
0.0
0.000188971114777
4.49177272218e-05
0.000202577415896
0.000461834095911
6.3300272035e-05
1.02802903214e-05
6.90805801023e-05
3.52417973275e-05
4.95649786354e-05
2.24523206683e-05
5.2715982558e-05
8.05748264657e-05
8.69405973041e-05
3.73508814107e-05
0.000123831506987
2.36717211347e-06
1.2184157034e-05
7.77209249988e-06
0.0
0.0
0.000140375293741
2.44253623031e-05
0.0
0.000238955653731
6.21079293528e-05
6.09946657239e-05
1.59949222941e-05
7.71021774103e-06
0.00011603302177
0.00186873894976
0.000230113280456
0.0
0.000367452568483
8.4726903434e-05
1.11282190688e-05
3.50287419265e-05
4.85381029667e-05
2.33897220418e-05
2.69513002648e-05
0.000118583680801
0.000684322290831
0.000523350795451
0.000136338913945
0.000254451962051
0.000621979815572
0.000199772838066
0.000248198762533
0.000541039492129
9.87873612081e-05
3.54701705034e-05
3.88459013493e-07
7.19435892949e-05
9.192951922e-06
2.69857620936e-05
0.0
0.0
3.97760953677e-05
1.59915627221e-06
2.69999872522e-05
1.51580995249e-05
1.79905080624e-05
0.0
0.00012540499637
3.52920068299e-05
0.000103182931607
5.30895995407e-05
1.91898752666e-05
1.9200495849e-06
0.000192989785048
0.00059232526704
5.96328340284e-05
7.05503201602e-05
0.000124762554257
3.97504559093e-05
6.18538815825e-05
0.000256058368079
0.000137729384227
0.00186639361761
9.17620289401e-05
5.00678874279e-05
0.000288024674717
0.000349945140439
5.65215715806e-05
2.84684962746e-05
3.08761534761e-05
4.21716052277e-05
6.31510923929e-05
9.8781873979e-06
6.85725162378e-07
0.000177613392781
0.000663814517948
0.000150742833338
0.000349811264688
2.14117675382e-05
1.9720820432e-05
0.000275448024216
2.76399623868e-05
7.57163363448e-05
0.000135370999385
4.98438318612e-07
2.29880816956e-05
2.60737094261e-05
0.00127876666175
6.19790339498e-05
0.000201272312083
0.000311994400771
0.000676893373704
7.31954848576e-05
0.000150290807444
0.0
7.56353525769e-05
2.97659339102e-06
0.000737991471347
0.000490360404515
1.99478952875e-07
0.000135853745976
6.29076249056e-05
0.000141126334116
0.000140501071964
6.78162334329e-05
0.000153248653431
6.31677954194e-05
0.000533001174312
1.91898752666e-05
4.9105818142e-05
0.000345148521075
4.29797279927e-05
3.75825888656e-06
8.39003701064e-05
0.0
8.55700466059e-08
7.44928081342e-05
5.02304596305e-05
0.00015094911563
0.00159830563822
0.000632633518242
1.8374495191e-05
8.14571207513e-05
0.000102639039709
2.72583455491e-07
0.000219217317528
6.47406322347e-06
7.27092078703e-05
0.000521696278266
0.00013739064038
2.06137169553e-05
0.000158179231869
6.51362070508e-05
0.000159138623054
3.78747538156e-07
1.97482280317e-05
1.97895588686e-05
3.7694397845e-06
0.0001043051698
6.16985132351e-05
1.72658203749e-05
7.34219013715e-05
9.70836232451e-05
0.000513224056389
5.12840594065e-05
0.000143742793982
8.73681865001e-05
0.000278189169643
2.64700794834e-05
2.69857620936e-05
8.19347925186e-06
8.30070873432e-05
0.000762184053754
0.000943475849424
0.000123914066882
0.000110524080834
2.68320579777e-05
9.22590157046e-06
1.55917736541e-06
0.000125202937477
0.000287854826173
0.000202579947058
0.000218544429591
0.000102031387206
0.000352506694786
1.86330262075e-05
0.000112894286885
5.40305820101e-05
0.0
0.000120830407985
0.000209083019367
1.95892523252e-05
0.000207708210874
0.000182151382372
3.08019304705e-05
4.22399633861e-05
4.03689201889e-05
1.95572611681e-05
2.95062272444e-07
0.000179160964332
0.000465996771754
3.73047435671e-05
0.000161261480334
0.000255483200669
0.000206482874741
8.61851809574e-05
1.96619404364e-05
8.99832325922e-05
3.21934041099e-05
0.0
2.33876604811e-05
1.79742344233e-05
1.71002999225e-06
4.7593936673e-08
0.000276589505084
0.000214167436758
2.43031884497e-05
2.20936063924e-06
4.74310122723e-05
0.000264006605456
4.69489159595e-05
9.29242812099e-05
7.7171981848e-05
9.63777217629e-06
7.78289461512e-05
0.00126817753656
5.24334770313e-05
0.0002158945398
0.0
2.71428391088e-05
6.20197347128e-05
2.68480519452e-05
2.75888627151e-05
0.000121581631744
5.05779218368e-05
0.000293985743276
2.93897993191e-05
0.000255012892682
9.49669915e-05
5.93731091297e-05
2.30376189215e-06
4.81817585081e-05
0.000192563305874
5.82086958546e-05
0.000110327700517
0.000149214312498
8.56690860115e-08
0.0
5.90012931261e-07
7.33927093443e-09
0.000307789048703
5.74220611483e-05
6.23674262949e-05
3.08870697564e-05
5.91800787099e-05
5.78755037251e-05
6.89207406137e-05
0.000713961296387
2.38056217795e-06
0.0
0.00143898505982
4.85475492475e-05
0.000327661383813
0.000308452510766
2.21915001411e-06
9.05163546882e-05
0.000516969687776
0.000106302945305
6.49654380402e-05
0.00108398319987
3.34565747714e-05
4.19868549019e-05
1.98234137367e-05
5.9625683864e-05
0.00014486222722
0.000134263529756
1.5992216881e-05
8.75394307034e-05
0.0
