0.000171333745519
0.000179184107435
0.00255444194829
0.00152093199008
2.54163847557e-06
0.0
0.0
1.53544865553e-06
0.000225012156481
1.33223642379e-05
0.000266832073808
0.00013819803401
2.77546921532e-05
0.000537500834193
0.000123783567412
0.00028550727486
7.81176711852e-05
0.000145412556266
1.51084009705e-06
0.000318414515102
0.0
0.000135167645375
3.18326778205e-05
1.57992893301e-05
8.3986843508e-05
1.78213424728e-05
2.56220264142e-05
3.38533001008e-05
0.0
0.0
2.54019237092e-05
0.000162378276401
0.0
0.000181488914192
8.40456498505e-05
2.42999789327e-05
1.76135546357e-06
6.71917030551e-06
7.44670239196e-05
0.000121169202546
0.00212830117522
0.00125758876001
0.000957607013724
0.00490886133409
0.00225235846472
2.83730831668e-05
0.0
9.91239005472e-08
0.000106184183195
8.77961339803e-05
2.81853684107e-05
1.51735816991e-05
0.000546248808238
2.6046602059e-07
2.96050049634e-05
0.000138666392478
0.000290732714657
0.0
0.0001509539753
0.0
1.49463100264e-05
6.50996259645e-05
6.25574849446e-05
1.38773460766e-06
0.00023795712094
0.000166887794575
0.000221973980169
9.7492373345e-05
0.0
2.49271860247e-05
4.54794563807e-05
0.00017099142062
0.0
0.000196200029718
2.85175061024e-05
4.18897537696e-05
2.69597845262e-05
7.01826444856e-05
3.76515986632e-05
8.93642103309e-05
0.0
4.04916897386e-05
4.40801224217e-05
0.0
0.000233173356909
2.40540665328e-05
8.55013054753e-05
7.053237305e-05
0.000227861344918
4.88089220647e-05
1.47823903859e-05
0.000140530413895
5.60879815562e-05
4.16320382298e-06
0.0
7.87302868992e-05
5.64314627419e-05
1.31642808632e-06
2.86299759965e-05
4.87851404048e-05
9.40986958774e-05
5.25056891997e-05
0.000276769527182
0.0
0.000138645425406
4.48661873297e-05
8.31949365059e-05
2.40360714997e-05
4.00630689092e-05
0.0
2.08160191149e-06
9.91239005471e-06
0.000182111946755
0.000129691684474
0.000175653208969
5.42848133739e-07
0.000247504533557
1.58358164358e-05
1.01135110123e-06
0.0
5.36457715619e-05
8.32640764596e-06
0.0
0.000133595679712
3.09662144912e-05
0.000160814887902
0.000265979695394
0.000140689090583
2.90653303938e-05
0.000383181020804
0.000373946495329
4.81773718205e-05
0.00367411837731
0.0
0.0
0.0
1.04080095574e-06
6.20713096353e-06
0.000106140986049
0.000126632696191
0.000521769907162
5.68086698951e-05
1.60993478571e-05
0.0
6.36753185179e-05
4.9037737338e-07
3.07149034304e-05
0.000159565264514
0.000102335925209
0.000148538631796
0.0
0.0
0.000469277555823
3.11948646388e-05
1.43638252478e-05
7.78373408346e-05
1.85317529909e-05
5.5397812101e-05
3.83941516607e-05
0.0
0.0
0.0
0.0
6.33958048598e-05
2.19846377319e-05
0.000447030891387
0.000107443373846
0.000234143847056
7.20096890948e-05
4.81723928913e-05
0.00818372693675
2.88450550592e-05
0.000101892310825
0.000121745540704
3.71898755894e-05
3.11286181756e-05
0.000235958261366
0.000279472200537
0.000186132403559
3.46933651915e-06
8.49872953069e-05
3.46933651915e-06
0.000257148053421
0.000318067800067
2.66872039935e-07
0.0
8.89587058098e-06
3.68905213341e-05
2.00943369787e-05
0.000256657094914
0.0019068253418
9.19990904158e-05
2.68417742899e-05
7.16211296193e-06
0.000147030629788
2.78589093767e-05
0.0
2.65885286173e-06
0.0
2.94735186935e-05
4.47692306002e-05
1.36052412516e-07
0.0
1.52086590309e-05
8.72682704097e-05
9.14989851204e-07
8.67334129787e-07
0.000378604301223
0.000691578814288
9.31424668148e-05
6.52879897824e-05
0.00111867096896
0.000165925500335
0.000163400638351
2.71212376408e-05
3.75063407475e-09
2.23487427252e-05
0.000115123179295
0.0
0.000410440776754
0.0
9.84366222662e-05
1.40583549385e-05
0.000174611782817
2.49713554661e-05
5.22185384925e-05
4.9821802566e-05
0.000740208744407
3.38596511108e-05
0.0
5.61492112114e-05
7.40490798554e-07
0.000151915125711
0.000359134896238
0.000182400541504
3.76079997907e-05
1.87715224068e-05
6.16188252811e-05
3.9394033862e-05
9.32950609464e-05
9.40110188976e-05
0.000321359993718
0.000190828717388
3.50482845285e-06
6.89594653502e-05
2.46608249543e-06
2.66594048226e-05
0.000329274320474
0.000925743153904
2.78290382832e-05
0.000102690625048
3.080770829e-05
8.56967399885e-05
0.0
4.20739030452e-05
0.000434055308586
6.66441718698e-06
0.000960938431975
0.00013405206579
3.09647045285e-05
5.48716002062e-05
4.03156101435e-06
4.62101503092e-05
0.000175957521385
5.25758586913e-05
4.98123994632e-05
7.43429254103e-07
0.0
3.26263500747e-05
6.24480573447e-07
0.0
2.44894342528e-06
2.77546921532e-07
4.34523171798e-05
1.86099079137e-05
0.0
1.65856434179e-05
9.61250160442e-05
5.82342244481e-05
0.000562301701372
7.71860082092e-05
1.39913585563e-05
0.00120990143333
0.000114449294928
2.48610362822e-05
3.40247449866e-07
5.33016247033e-05
0.0
4.94331313518e-05
2.98260240583e-05
0.0
0.000323512073027
0.0
0.000120252325085
5.90311981847e-05
3.00022188547e-05
0.0
3.60450547444e-07
8.56398082683e-05
0.000183618027528
0.0
6.97577824171e-06
5.26358052642e-05
0.00219261620755
8.11692536576e-05
0.0
1.63481162765e-05
3.34463221865e-05
7.71432268128e-05
1.21731105935e-07
0.000698596686657
8.74432683528e-05
0.000254775986118
3.27075065453e-05
0.000137957983884
3.00902517821e-05
4.98140344978e-05
4.42991843513e-05
7.22108575782e-05
0.000351489329065
0.00010859032784
7.0728102692e-05
0.0
3.07191808769e-05
4.75288207151e-05
1.84539176551e-08
2.63428917385e-05
0.0
8.22776690574e-05
6.99527586869e-05
9.8358416169e-05
0.0
5.37556537583e-05
4.21124544284e-05
0.000292703917929
2.11539415031e-05
0.0
4.38545858885e-05
5.99201752045e-05
0.000135537088203
3.68294643947e-05
0.000136919075264
8.17992130176e-05
0.000190880250116
3.89528419959e-05
0.000333733090073
0.000586072350864
0.00023976653073
1.66970494736e-05
0.0
0.000333126442045
8.29745420348e-05
2.22824384951e-05
6.04119549285e-05
0.000502548596524
0.000294762279695
0.000199130968626
0.000102229308697
8.81186015469e-05
0.000558789001856
7.53523745772e-05
0.00077516043294
8.12119817917e-06
0.000182917507955
0.0
7.24747365974e-07
2.16915911537e-05
2.8493973427e-05
0.000136921331667
1.39939624302e-07
1.25005299159e-05
3.54950583621e-05
4.94606304685e-05
1.96246890953e-05
6.41349963217e-05
0.000165763641001
0.00012741126461
1.03523076574e-06
6.9386730383e-06
2.72036915011e-05
0.000165544084441
5.66046445401e-05
0.000277528467864
0.000119670494961
3.02314204302e-05
8.89254804989e-05
5.96363427724e-05
0.000200134889856
0.000112239620398
4.12355426276e-05
9.41855945278e-05
6.09338029435e-05
3.12588117045e-05
3.05291813533e-05
4.54739148776e-05
8.628674257e-05
0.0
5.78222753192e-07
5.01319127017e-05
0.000129143718295
3.16866068749e-05
0.000157172432138
0.000204542739455
6.21491484275e-05
3.96391222549e-05
7.52660986543e-05
0.000396892659127
0.000390015833118
0.000137644544652
0.000178510414668
8.164480955e-05
2.21031932437e-05
7.50677996505e-05
6.9386730383e-07
0.000135770654231
1.94580609981e-05
0.0
5.36640349745e-05
2.08160191149e-06
7.7311270653e-05
0.000294698121481
1.41458422015e-05
6.33906072576e-06
3.27852524638e-05
3.7964920645e-05
8.33947554596e-05
0.000285706634107
0.000506381790303
8.74745165215e-07
0.0001890266107
0.0
0.00065833020516
0.00011792222822
6.76574819089e-05
5.23717727407e-05
0.000325295365108
0.000253306733126
6.3121959774e-05
6.0637968726e-05
0.000597935014946
1.74152751571e-05
0.000484160109663
0.000134149284799
0.0
3.85323969577e-05
0.000562727501125
0.000164081810416
1.98247801094e-06
9.12586345255e-06
0.000106259550567
0.000424613418092
7.02913226674e-05
2.08160191149e-05
2.22910055094e-05
9.88938301858e-05
6.00431049177e-05
1.63299545873e-05
0.000504238704648
9.32453595781e-05
9.45140847736e-06
6.05146754417e-05
2.39606003891e-05
0.000303212300619
2.33424432532e-05
0.0
1.87344172034e-05
2.27702581708e-05
5.04089765542e-05
6.71175028083e-05
5.99053807195e-05
3.04502614972e-05
1.26733754124e-07
4.545272989e-05
0.000204096040745
5.24383951531e-05
6.53111833627e-05
0.000793529319842
5.10445694824e-05
0.0
6.080628758e-08
2.25586063542e-05
0.000236739564533
0.000165798185507
0.0
4.55379584063e-05
3.81076874622e-05
0.0
9.90431787688e-05
4.65102268177e-05
2.75754154335e-05
3.46933651915e-06
5.98227512601e-05
2.37609754854e-06
6.42558935513e-05
4.3280171551e-05
8.96277588085e-05
4.50732164008e-05
0.0006063354726
0.000218301146407
6.23862097409e-05
2.08160191149e-06
0.000186686047285
2.42196271192e-05
2.99796843789e-05
5.42771267843e-05
6.36018230801e-05
8.33155663487e-05
0.000113589339973
3.78121726003e-05
3.78473074816e-07
0.000415583764358
0.000164056653223
2.76523976448e-05
0.00022383293626
3.99138906203e-05
6.9374223929e-05
3.51460396466e-06
0.000181030961117
0.000150900461194
0.000211179925363
4.71144569207e-05
0.0
3.77739465529e-05
0.0
0.000118832973546
0.000251201709646
0.000229073376685
8.69108403384e-05
1.14458720576e-05
2.6122063203e-05
9.27861911635e-05
3.61037447093e-05
1.33817265739e-05
3.44611655032e-05
0.0
5.27943839427e-05
2.96297121207e-05
5.92922798714e-06
3.19091791688e-05
4.48171886464e-05
2.7360105238e-05
0.000216411876604
0.000467663082059
0.000225045738607
0.000226691778174
0.000238900480055
3.12240286723e-05
7.51689579149e-06
6.51426463375e-06
3.47470934347e-05
0.000150290579945
0.000105765447062
0.000166522183195
6.20292699181e-05
7.92991204377e-07
5.45517095219e-05
0.000214776680152
0.000154122407716
1.67871121894e-07
3.63269092924e-06
4.38231981366e-07
2.66194384629e-05
3.10030381581e-05
0.00024055603435
5.6724682417e-05
5.45965854413e-05
0.000261312170622
8.76377262577e-05
3.27470800181e-05
0.000136045430659
4.31985223211e-05
7.74121259934e-05
0.000137255874398
0.0
6.9386730383e-06
0.00024368859855
0.000700300632562
0.000213799131022
4.28067342101e-05
0.000632125002697
2.2989837338e-05
3.2098904838e-05
2.28747462801e-07
0.0
3.95504363183e-05
4.92316534974e-05
9.62003094908e-05
7.81139607151e-05
0.00011761456266
4.08065424241e-05
7.6655825165e-05
0.000221653656241
2.28912638951e-05
3.08428067801e-05
3.49894678816e-06
3.7127289844e-05
2.27244484747e-05
0.000199535208246
0.00144484119884
8.39516630039e-05
2.28747462801e-07
0.000240368310718
3.40625767335e-06
2.61202771809e-05
0.000310786520415
0.000166588571379
5.34764259828e-05
9.34751577292e-05
2.08160191149e-05
0.000149397775768
2.24499077414e-05
0.000170213558189
6.97895779831e-05
4.64499670754e-05
1.98247801094e-07
1.48789771039e-06
5.71601915953e-05
9.44252278221e-05
7.46055613862e-06
0.0
0.00015391821254
5.78222753192e-07
9.1050554731e-05
3.38278479871e-05
0.000308222889835
6.79845490587e-08
4.92665251254e-05
2.46480363939e-05
3.00730445379e-05
0.000183733445209
6.0876184745e-05
2.40184835941e-07
7.10086725577e-05
0.000115748868177
4.41629978482e-05
3.91992593314e-05
0.000203956877378
5.72409324369e-05
7.69894373181e-07
0.0
0.000129890589415
0.0
0.000240240676293
0.0
0.000262301867485
7.10693048799e-05
0.000137090627998
3.52949033783e-05
2.94331796335e-05
0.000221416865919
3.77710024262e-05
5.14282521266e-05
5.03044077247e-05
0.000282236017041
0.00328779283184
0.0
0.000383559999952
0.000332234210792
2.01852306569e-05
2.81836471439e-05
0.000342764941949
0.0016625597164
0.000155052683881
6.08238699428e-08
8.54331155527e-05
3.50793365494e-05
0.000104350079975
1.87344172034e-05
5.50688336373e-08
8.01398373865e-05
7.21205254274e-05
0.000511723365492
0.000153825083645
0.000321686473697
0.000140796383687
0.00479566668552
9.85859904046e-05
0.000363050977016
0.000278423367471
9.78849164519e-05
9.98994148464e-05
5.49946290287e-05
5.2269907059e-05
0.0
3.96495602189e-06
0.0
8.13987586646e-05
5.2852234963e-06
0.000206211833833
9.06812786729e-06
3.33056305838e-05
4.17917549246e-05
0.000132333436983
2.45967063473e-05
4.28143761443e-05
0.000493586143173
0.000736360603554
9.58449765987e-05
3.55299571203e-05
2.57722141423e-05
1.60064919453e-05
0.000150842847263
0.000164837006481
1.47640544233e-05
4.18397730211e-05
7.96737236802e-05
9.53045579421e-05
8.53594794824e-05
0.000332525742534
6.28843230722e-05
8.09043657907e-06
1.93008285827e-05
0.000190045393126
7.95381458318e-05
2.41146003422e-05
2.08514657012e-05
3.38305458143e-07
1.68318778219e-05
1.85857313526e-05
0.000324160046507
0.0
0.0
3.44018243075e-06
2.66872039935e-07
6.19173459016e-06
8.707354401e-06
0.0
0.00229575228947
0.0
6.84706305217e-05
7.04093626746e-05
8.02995977122e-05
1.49898465321e-05
0.000155121445416
3.68940547109e-05
1.39457460532e-05
7.88735276909e-05
0.0
0.000128940374593
9.96925108275e-05
7.77021885533e-05
4.50580930092e-05
0.000140818924492
0.0
0.0
6.12606420128e-05
1.94381004903e-05
4.55828040562e-05
3.29906916151e-05
0.00017852530553
0.000161303943207
2.8074461496e-05
2.59924894768e-06
0.000343065592498
0.000456533738811
7.89485496263e-05
5.04194603081e-05
0.00010970668969
7.13180476711e-05
3.17630616029e-05
2.89508058705e-05
1.07934913929e-05
0.000101894597868
0.000161930715835
0.0
0.000907892407186
7.96019707106e-05
0.00179880638998
4.11901047581e-06
0.00537214028218
3.04234125525e-05
0.000576858296477
3.00043737221e-05
7.95737239121e-05
0.000127496246153
0.000199058665954
0.0
6.9386730383e-06
0.000328170578843
0.000356353742272
0.000112395280106
1.98312706344e-05
4.43597497502e-05
0.000481046783964
9.8408678484e-05
7.658596678e-05
4.07235885339e-05
3.91451202447e-05
8.3396954789e-05
5.8865371898e-05
5.20643860836e-05
1.18138225936e-05
7.06869563193e-05
2.76530266142e-06
1.38773460766e-05
3.47647927081e-05
0.000102233862846
3.59855361372e-05
0.000213585515855
0.000107719544674
6.22087927572e-07
7.21783330776e-05
0.000100135552587
0.000931327148168
4.49793761021e-05
8.45650780535e-05
0.000171403630569
3.157884718e-05
5.10338455121e-05
8.92115104924e-07
1.9758544524e-06
0.000183002455866
2.28747462801e-07
3.58063353029e-05
6.51320275749e-05
7.0070493878e-05
0.000107527703305
5.04904043387e-05
0.000910897177203
0.000668091444786
2.08160191149e-05
0.00131901838558
0.0
9.73468554991e-05
0.0
0.000145175484084
2.08160191149e-05
1.29291088464e-05
0.00159192504549
5.15635365063e-05
0.000171311404405
5.6123909998e-05
3.80207743076e-05
6.57347504985e-05
9.05143592085e-05
0.000201823877901
3.18190756723e-05
0.0
0.000101266872124
2.82577969848e-05
0.0
0.000109650247605
0.000832509457779
0.000172982713729
5.1400346408e-05
0.0
5.62262010801e-05
9.4986976947e-05
0.000416378964816
3.29107021579e-07
0.0
0.000121486948377
6.83409308598e-05
6.85992849234e-05
7.57648646914e-05
6.52860108777e-05
2.44462937345e-07
3.40736564268e-05
8.37006098786e-05
0.000442335507956
4.14624491334e-05
0.000154046998423
0.000124236104685
4.58221438889e-05
1.40695815549e-05
6.58413634042e-05
3.69755201111e-07
6.11729509631e-05
3.03537155868e-05
0.000149952566912
3.26978305377e-05
0.000112411328281
0.000322273261669
1.39997932479e-05
3.78473074816e-07
3.88690456118e-05
9.5219229363e-05
0.000129352239389
4.70652414072e-05
4.32359151864e-05
0.000424354712536
0.000110001934788
3.65436780017e-05
0.000142404754189
3.07891092672e-05
5.04662285242e-06
6.89764521432e-05
2.45019237644e-05
7.58328410761e-05
3.68903994245e-05
8.0566757815e-05
2.64931152371e-06
3.54719661812e-06
0.0
5.4507541493e-05
8.25797022468e-05
0.000127424971897
0.000101646961848
3.47914233144e-05
3.1354885245e-05
0.000146031171043
3.62169981392e-05
0.000334385713496
0.00303821278724
3.43245786832e-05
3.29396346434e-05
5.67564179157e-05
6.89199139294e-05
0.00175901956348
0.000485892239793
2.84554685198e-05
0.000404688537652
5.74077908445e-05
0.0
0.000138432982059
3.97906384387e-05
6.28032099348e-05
0.000118776876022
3.98775910101e-05
2.97681079222e-05
8.74622651887e-07
3.91043378061e-05
0.000123022503372
0.000101569245193
0.000154329899842
3.49236798306e-05
1.0720562397e-05
4.04425514232e-05
5.17171095163e-05
4.50055800813e-05
3.94269743039e-06
0.000125619272397
0.0
0.000103493722148
0.000186947467094
2.63669575455e-05
1.37690195899e-05
0.000182199459907
9.51142167638e-05
0.0
0.000139058515785
6.1223585632e-07
0.0
4.41357600372e-05
0.0
2.6116649977e-06
3.31715664244e-05
2.66446519807e-07
0.000155147726601
2.75763817289e-05
8.40401359514e-05
0.000299859978058
0.000143528754065
6.91127969478e-06
1.35279638681e-06
2.40287783703e-05
1.55314015255e-05
0.000288114367197
6.43205908522e-05
8.87412858161e-05
1.12203747608e-06
0.0
2.88017041973e-05
0.0
0.0
0.0
2.56197158337e-07
0.000210580278362
3.27829692754e-05
1.64623419144e-05
0.000253152749477
0.000112106447022
1.81478750579e-05
0.000236366175423
2.07519698253e-05
0.000209879811156
4.89265406547e-07
6.22854953453e-07
4.1301625228e-08
0.000340256847113
0.0
0.0
8.32640764596e-06
0.0
7.54203591119e-06
0.000118081711754
0.000580381382691
3.10269690483e-05
2.08160191149e-06
4.35980472849e-05
1.94384589072e-06
3.87191327967e-05
8.83520206523e-05
7.64788252917e-05
4.7041851107e-08
6.31606159219e-05
1.43250024016e-06
5.61857514604e-05
1.51389229927e-06
7.85443623225e-05
9.91824631757e-05
7.47530755224e-05
0.00017620661643
0.000229979433809
3.64280334511e-05
9.68821883091e-05
0.000203901781076
0.00137484823657
0.000202522277697
0.000188526161917
3.98973699702e-05
9.72033784091e-05
0.000249430587747
0.0
0.000332351186538
5.76252679349e-05
6.43514064751e-05
0.000116606702208
1.32868207116e-06
0.000144869603481
0.000120832691291
6.14406217557e-05
0.000709408571014
7.10136976292e-05
4.12149418001e-05
3.36420510948e-06
4.47656325051e-08
5.44209650063e-07
3.97039084467e-05
0.00118394588531
0.000530229254635
8.32640764596e-06
5.81859374281e-08
0.00178916290724
0.000234405875841
2.28334149628e-05
6.24012347405e-05
5.84605647514e-05
0.000103082442164
2.74294628777e-05
0.000100791988169
0.000101874497857
0.000190472590126
0.000256718144487
0.0
2.22037537226e-05
0.000202287087665
1.36965856168e-06
0.000137784870045
3.826474102e-06
1.61752183166e-05
0.000212436142083
6.42374302993e-05
0.000291851842999
7.49880284889e-05
1.06665936458e-06
0.00024992986049
6.53643112304e-07
7.38924028411e-05
9.92286828402e-05
0.0
3.21682193487e-05
0.000874061812459
7.02943546495e-05
0.0
6.46445916652e-05
0.000196173255969
3.0169586064e-05
3.30413001824e-08
9.66314233574e-07
5.91582991593e-05
0.00011642488141
0.000104188800237
0.0
9.48878364212e-07
0.000469220120852
0.000135804174843
7.76825610842e-05
5.53747955556e-05
7.47400930393e-05
0.000124557751546
7.11873778931e-05
0.000109265407438
8.22728374541e-06
0.000116582419946
0.0
0.0
0.00010523084653
6.09816228701e-05
0.000130121334969
0.000216254020688
2.45828714335e-05
6.17283224157e-05
0.000196627941034
5.08963979497e-05
0.0
0.000108341665019
5.03714401972e-05
4.41717090832e-05
0.000213273941374
6.96127973623e-05
2.79462993008e-05
2.15974012138e-05
1.38773460766e-06
0.000685612356934
0.0
0.0
5.34215398388e-05
0.0
0.00387825001648
0.000174209898845
7.13695033046e-05
9.14358485927e-05
0.000403021401588
3.18573202592e-05
4.19279137216e-05
0.000345744131875
0.0
8.92617838932e-05
0.000821147897668
0.000113304946689
4.39102377427e-05
0.000529539155896
7.19507503647e-05
8.50615864264e-06
0.000413854723242
0.000350599859693
0.002902851147
3.95025173512e-05
6.32003887992e-05
7.91184669251e-05
0.00358341860377
0.00014583276176
5.77206097801e-06
1.48262244408e-06
0.0
4.34776187822e-07
0.00123498309853
0.000527215395666
2.77546921532e-05
3.01681436448e-05
0.000153224213532
5.63409373315e-05
0.000165487329249
0.000136029646396
0.000107016421411
5.84352224736e-05
0.0
0.000317890559373
2.84035031386e-05
7.29859126085e-05
3.57891064289e-05
0.0
3.50499127276e-05
1.48685850821e-05
4.81238583491e-05
3.68545084079e-05
0.000211515103296
2.85880871214e-05
3.98023985336e-05
0.000156238052296
0.000122236259192
5.57887287136e-05
5.78222753192e-07
0.00018306025152
0.000121238206256
1.66528152919e-05
8.26032504559e-07
6.91850512648e-05
6.12026208542e-05
2.08160191149e-05
2.74641891415e-05
0.0
1.57183541529e-05
0.000224068139205
0.000327508633416
3.388800666e-05
0.000157833555402
0.0
9.46182687041e-06
4.10467602388e-05
0.000160365320604
0.000115242510489
0.000101008890765
2.8384678267e-05
7.30153693094e-05
0.000235968927045
8.6393596788e-05
1.48374140442e-05
0.000573105513468
0.000107795148565
2.39012222748e-05
3.50246794622e-06
0.000153897634575
0.000134751390498
5.7004496998e-05
0.000298638583539
0.0
0.000117588138264
2.56456257405e-05
4.00678806691e-05
4.75200115904e-05
0.000154283078203
3.72705866057e-05
0.000144137386255
1.77564265238e-05
3.65122055408e-05
0.0
3.66138310204e-05
0.0
5.38964357088e-05
2.20349703162e-05
0.000259778090186
6.69086328693e-06
3.22635859922e-05
6.21338834335e-05
2.77923871576e-05
0.000195351143273
1.91411670022e-07
0.000311451224259
3.67520923567e-05
9.57790184939e-05
7.66158518414e-05
7.27191538852e-05
2.72517687841e-05
1.73306357108e-07
0.0
0.000174167521801
5.33744079869e-07
0.0
2.14542150964e-05
0.000308233872894
0.00153149006804
3.23448633343e-05
0.000515014470605
5.3039093089e-05
0.000101529028014
0.000803389342287
0.000152936840792
5.56233679468e-05
3.44702250011e-05
2.24835975613e-05
1.58022873804e-05
0.0
8.32640764596e-06
3.7487128135e-05
0.000217522465566
5.60833325106e-05
2.08160191149e-06
0.000229634184529
6.85704159079e-06
5.28660802918e-06
5.56744947495e-05
5.55093843064e-06
3.74274021347e-05
2.94304371497e-05
6.16050194227e-05
2.20275334549e-07
1.23977760905e-05
0.0
0.0
5.20139535985e-05
3.64280334511e-05
0.0
6.33133363881e-05
0.0
7.50132002125e-05
5.97795426112e-05
7.73961075493e-05
2.66872039935e-08
0.0
0.000196760820338
0.00010927763049
0.000199434950896
0.000200669572546
9.71493668703e-05
0.000245594651578
2.96484459098e-05
2.01378338743e-06
2.93158935868e-05
0.0
8.12232271323e-05
2.87954931089e-05
2.47692213146e-05
7.6683066847e-05
7.13008470832e-06
0.0
6.19819156802e-05
0.00028866409276
0.000191449467032
1.24896114689e-05
0.000267958610803
2.77546921532e-05
3.23031524986e-05
0.000101517412791
2.46007498631e-06
0.000102269747054
8.35926751307e-05
3.15928405358e-05
7.41340867595e-06
0.0
2.0677918225e-05
0.000259670095096
1.91420072171e-05
0.00014586123813
0.000127036163333
4.99630107922e-05
0.000119485510685
8.4105127737e-07
0.000164080917216
3.6913927463e-05
7.62465214372e-05
8.40369656142e-05
0.0
5.64602716483e-05
0.000580706645253
1.67258539555e-05
3.30082588822e-05
5.78569212242e-05
0.000595513609496
0.0
0.00020948415816
0.0
8.65535587143e-05
4.81617112471e-05
8.76777917592e-05
0.000149395842094
0.00014155008415
0.0
0.000190688926822
2.37359131989e-05
8.87046269101e-06
8.23919002786e-05
0.000264856906632
0.0
0.000119929087969
6.09642538642e-07
1.72671224005e-05
0.00021729571624
0.000212006473682
1.8306768519e-05
0.000274472060789
2.81976677136e-05
2.1142324466e-05
0.00012064720081
7.72504326277e-05
1.91362790637e-05
0.0
3.60384002728e-05
0.000305072143801
0.000114590136528
4.50768275566e-05
4.71562860735e-05
9.10748855078e-05
2.42266372924e-05
2.96102690112e-08
4.83601795705e-06
4.61633118462e-06
9.61245581357e-05
4.61308929598e-05
0.000151210345608
6.2402583361e-05
9.10811911019e-05
0.000448260259202
8.38633965297e-05
5.78216470864e-05
0.00100690223597
0.000903312218626
0.0
2.83329149064e-05
5.0371492111e-08
0.0
8.54954959266e-05
3.20246447922e-06
8.29107400677e-05
0.000957340542249
0.000118988798876
2.31289101277e-06
0.000176502197041
6.37476893777e-05
5.81174274176e-05
7.38549930231e-05
7.00623693053e-05
3.0981276717e-06
1.85070153139e-05
0.0
7.71157246021e-05
3.57009174749e-05
9.94254654468e-05
7.80295913717e-08
0.0
0.000126485041119
0.000144414779312
0.0
0.000189590499688
0.000249771697543
1.03743328476e-05
0.0
5.25809066492e-05
0.000375557237059
0.000401185654379
3.39939021836e-06
9.8093804175e-05
8.56067604594e-05
4.62578202553e-07
2.43320685674e-05
8.92115104924e-06
1.03764956889e-05
1.76177827431e-05
2.13029435386e-05
3.79596746563e-05
2.58442021277e-05
8.41492154954e-05
0.000631881718297
0.0
2.20510133928e-05
1.05673158262e-05
4.1262230569e-05
0.000277394910928
5.54946760224e-05
0.000401122719313
2.14391175749e-05
5.35106306885e-05
0.0
0.000414602633167
8.12233894752e-05
0.000130652433576
0.000174594790086
4.45160694685e-05
1.97728316716e-05
0.000142533826987
9.74056437051e-05
0.00422765938409
4.89677040169e-05
0.000150600541574
0.000142635298287
8.42536946164e-05
4.02414462413e-05
3.78480992584e-05
8.95068577572e-05
0.000222008303457
5.22938377556e-05
0.000130982604124
0.000138961899179
0.00102087785481
1.33921922871e-05
2.17683860025e-06
9.3326024673e-05
9.1618134063e-05
3.26191325702e-05
8.85023299036e-05
5.6607387052e-05
7.43429254103e-07
5.69126393268e-05
0.000142065261099
0.000296463923068
4.94552014576e-05
0.000199192801634
5.64787478507e-05
7.05341664039e-05
3.15394229014e-07
0.0
6.0433603882e-06
3.80063498762e-05
0.000233615994631
0.00175323236649
0.000157023310823
0.00014418334903
0.00010546469312
0.000126297110598
2.96767843397e-05
8.10100873912e-05
0.000247142517075
5.89442377232e-05
8.23877481884e-05
0.00470971311904
0.000170651733601
0.0
2.28468502481e-05
0.000298853933777
9.07578474843e-05
3.76576471117e-05
0.000169345774678
7.28129543516e-05
4.13076134043e-05
0.000200447270915
0.000132500072215
0.000859956124955
0.0
0.0
5.02445740302e-05
0.000179839811111
0.000119300924927
0.00023236333896
2.32993347018e-05
0.000122844238955
4.34164168701e-05
2.08160191149e-05
0.000159810713052
0.0
2.08160191149e-05
0.000323308821613
2.07083863611e-05
1.97122067225e-06
0.0
0.0
5.24420700661e-05
0.000260265779834
1.62387270641e-05
2.1360228765e-05
0.000321192883776
1.7203531905e-05
3.49849060755e-08
0.000175376681279
5.24376954637e-05
1.1228988599e-05
4.97942233634e-05
2.56746080824e-05
6.05108905848e-05
0.000563061192719
0.000268689840049
2.74260181672e-05
1.94978821395e-05
0.000109501361494
9.92735852011e-05
2.19898547793e-06
7.90779779167e-05
3.26981970653e-07
2.97371701641e-06
3.01832277166e-05
1.12367174709e-07
3.15429319232e-05
3.00622342043e-05
9.77924086027e-05
7.75332119488e-05
7.86053236151e-05
5.4294330827e-05
0.0
9.49571646498e-05
2.48167921244e-05
0.0
4.88990568943e-05
5.93683254614e-07
5.9890824895e-05
1.09557995342e-06
0.000364521533286
0.0032258420416
0.000214093413653
0.000130958105936
0.000269838977377
0.000573402385154
2.21599364887e-05
3.66767097543e-05
0.000483121811817
3.21285908424e-05
3.98145847025e-05
7.18205815795e-05
0.000186893118371
0.0
9.75066369307e-05
7.9716027743e-05
0.0
6.69903880018e-05
0.000318401393458
3.05136780955e-07
0.000192897573651
0.000116322567136
3.76780656337e-05
1.12234519017e-06
0.0
0.00035486306685
2.70807830328e-05
0.0
0.000169964286108
0.0
7.09330727113e-05
0.000402785840423
7.97019658287e-05
6.79973768588e-05
2.93280968755e-05
3.57054702929e-05
3.88491821442e-05
0.000107955426149
2.68141804988e-05
0.0005888524311
3.02227433256e-05
5.21256936413e-05
0.000187364609677
0.000139496127928
7.02878567516e-06
7.89454206127e-05
0.000373156513388
3.72296422792e-08
0.000249578427203
0.000111536107502
0.000374435284006
2.61153061502e-05
0.0
0.000195700469128
0.0
2.20275334549e-07
8.79245740661e-05
0.00020417378674
8.03461302107e-05
7.01107494694e-05
0.00015426575972
4.54107051874e-05
9.73216478099e-06
4.49625567119e-05
0.000486591522821
0.000116239461194
2.23873218844e-05
8.29739993963e-05
0.0
3.95943437679e-05
0.000798832500312
8.33038237283e-05
2.8942871909e-05
5.78222753192e-07
3.92490366924e-05
7.85209524253e-05
6.31646051453e-05
3.07326331906e-05
3.43661891378e-05
1.99955883142e-05
3.59999467394e-05
0.000492591688175
0.0013348668766
0.000516504903699
6.74772617696e-05
4.69059102891e-05
0.00261382994846
0.000169607817953
0.000453333879159
0.000151910904473
3.91923380058e-05
0.00355905389303
0.000203437596808
2.74495027931e-06
0.000179442210612
0.00134721368759
0.000461334491184
0.00011794784479
4.76013889521e-05
0.00304590323049
0.000371869147894
3.4467219853e-05
0.0
0.000151228606113
0.000539736793697
0.000247036721641
1.38773460766e-06
3.24630774292e-05
0.0
5.84183942822e-05
8.10503832453e-05
3.57426858513e-05
2.91425782745e-05
0.00017773749644
2.89834690345e-05
3.52402709229e-05
7.43429254103e-06
0.000104476657466
0.000170334793624
3.96495602188e-07
0.000611676443805
0.00123245252433
0.000212894979127
3.72114121905e-05
0.000179000954978
0.0
9.3093216142e-05
4.23769713498e-05
3.15233439799e-05
1.40175212895e-06
1.35946593973e-05
3.50359944557e-05
0.0
8.61445141583e-05
9.82714334812e-05
6.75287330146e-05
2.96963136654e-05
0.000324594794073
0.000454377268984
0.000485225851871
3.30537464704e-05
3.69808398195e-06
0.0
2.98139112484e-05
2.98368209915e-05
0.000497722661683
0.000133728139433
5.28985137734e-05
0.00155508464824
0.000129794001499
0.000174407668093
0.0
2.08160191149e-05
0.000169047196069
0.000170326385372
5.72653957425e-05
8.05671026574e-05
7.3232937722e-05
2.93158935868e-05
3.81627017106e-05
0.000133149514139
7.24035447475e-06
1.84023283309e-05
0.00021064228788
6.7931418062e-05
6.63686089641e-05
0.000172129211612
4.87873210301e-05
3.3091060096e-05
9.07840837366e-05
5.43557014505e-05
3.76775072335e-05
3.07797571361e-05
0.000736681712425
0.0
0.000686609586318
0.000378466834916
0.000100978443124
0.000121703789356
0.000122589557075
3.83815642775e-05
8.06982377444e-05
0.000643588027344
3.95504363183e-05
0.000220599460627
9.9509691652e-05
0.0
2.73224240397e-05
0.000394609485355
0.000599859601666
9.10442599725e-05
3.33056305838e-05
0.000144409711582
0.000174341744341
0.000334502102526
3.44365441764e-05
9.59650200427e-05
4.42818503793e-05
0.0
0.0
5.39987987229e-05
0.000993439624749
4.35141272285e-05
4.14049711309e-05
0.000148070979053
2.08160191149e-05
0.0
1.43613967421e-05
2.4285355634e-05
0.000101082021834
8.43454243053e-05
0.000259256059594
5.81695338115e-05
3.12240286723e-05
2.70882928133e-05
3.59923763662e-05
5.00380741259e-05
3.5534418992e-05
4.16537119073e-05
0.000998993501999
3.01540874335e-05
1.98247801094e-07
9.43350924766e-05
4.86035182328e-05
9.69950411731e-05
0.00113283357668
0.000110442377355
3.10263856357e-05
0.000233185957704
9.51759161224e-05
7.363770703e-05
0.000118347054008
0.000168750854731
0.000228769466881
0.000118458531726
0.000175323029358
1.25076339963e-05
0.000130896514257
7.71161149316e-05
7.81869633788e-05
0.000106474179154
0.00105655275886
0.000103135522984
0.000262061554904
3.46933651915e-06
6.03664554332e-05
0.000161446569308
0.000214716252962
2.96974517873e-05
7.13483711236e-05
2.09587964583e-05
0.00072750113759
2.52634132698e-05
6.0269162635e-05
0.000194035967608
5.51413155926e-05
0.000240273417342
0.000176163032056
8.96362123483e-05
0.000245295416211
0.000176091627985
5.92744748925e-05
2.62354247142e-06
0.000117154300656
0.00154998180351
2.09151430154e-05
4.27581322806e-05
0.0
3.93410734566e-05
0.000175595649949
0.000129863691839
5.41653409188e-05
0.0109792311026
0.00498978355315
0.00732671896965
0.112608871917
0.00551164261894
0.0150770540824
0.0100560945848
0.000153071772331
0.00017227812738
1.48149133377e-06
5.09911858872e-05
0.000317087689693
5.27249964307e-05
6.00069062121e-05
0.00012826293496
3.46933651915e-06
0.000185219583058
8.00475323722e-05
0.000342635449958
0.000129832339225
1.38773460766e-05
0.000410605852534
6.9386730383e-06
3.01681436448e-07
2.59877669264e-05
0.000117496436665
0.00011914435258
1.35506734872e-06
2.03203996122e-06
0.000158298252281
0.0021397372833
0.000135317922906
3.78216978106e-05
0.000333979778634
6.9386730383e-06
3.59817479514e-05
3.46933651915e-06
6.09888615274e-05
0.0
6.9386730383e-06
0.000171041092307
6.96133621227e-05
7.68769816314e-05
0.000145747008391
0.000168475532603
8.91495393034e-05
0.000110497818478
0.000567846816443
6.37316366686e-05
0.00010142937965
0.00079470388846
6.97041101747e-06
2.99834938001e-05
2.77616335229e-07
0.000580526773921
0.000154122973257
0.000158465680824
0.000395128953445
0.00403216581438
3.31849580093e-06
0.000113132569404
5.67646692436e-05
0.000249085498739
8.45461931054e-05
9.90661360363e-08
1.54582452084e-05
0.000202315420869
0.0
6.9386730383e-06
2.14489734534e-05
1.60390438584e-05
0.000359404711735
0.000106433625477
2.76128463e-05
2.55469325501e-05
0.000133790111917
0.000659000922565
0.000111245627854
0.000112745949164
5.31784349672e-05
3.5155943394e-05
7.37456012603e-05
0.000122561446797
4.08310038153e-05
0.0
0.000709790437601
0.00381268442572
0.000258175525076
3.10053525264e-05
3.5392716696e-06
0.0
1.95642917196e-05
3.56545465182e-05
0.000188180599268
0.0
0.000131813405205
5.65738379297e-05
0.0
0.000677882845644
9.53627965503e-05
6.47535067126e-05
1.55664096205e-05
9.32884390767e-05
0.000779531280536
0.0
4.30456928768e-05
0.0
1.10253601661e-05
0.000133184317804
0.000155085604278
5.68992522686e-05
4.26995263895e-06
0.000104464610779
5.15252555804e-05
3.98190301133e-05
0.000192147775346
0.0
7.14751970904e-05
6.3328461008e-05
0.000160108418902
2.09151430154e-05
0.0
7.17837265235e-05
1.21731105935e-07
8.93949001702e-05
3.08102942588e-05
0.000340123285736
0.000140421760834
0.000229120158477
0.000116406409901
5.03137503716e-05
0.000225765905112
0.000154444716688
2.0948583004e-06
5.81712003716e-05
2.47899864005e-05
2.77836032909e-05
0.000622238570286
3.46933651915e-06
0.0
2.08160191149e-06
5.34173582914e-05
7.55182940739e-05
1.57387400163e-05
7.03530090669e-05
5.78222753192e-07
1.51389229927e-06
6.90268992677e-06
6.26621494672e-05
1.65715371286e-05
1.06748815974e-06
4.44885512317e-05
0.000230163061727
0.0167209679929
0.0
4.22397108375e-05
0.000128757917802
4.08663108131e-05
7.33763883911e-05
0.000428190117062
0.00024959145516
4.04753038174e-05
0.00027457471057
0.000239005698196
0.0
7.9924145128e-05
9.62230647507e-05
3.50337330563e-05
0.000135356530687
0.000590883592221
0.0
0.0
8.984821908e-06
9.27858173219e-05
0.0001465192899
0.000306701209154
3.51373813956e-07
5.12148119788e-05
0.00100506439129
0.000349986212424
7.72481028664e-05
9.05165285468e-05
0.000516967475066
2.08160191149e-05
0.000202711378475
7.79991348568e-07
0.000112768508589
0.000189213697289
0.000197410850782
0.000471585618994
0.000230863123597
0.00026973833335
0.00102482058386
0.000101339423144
0.0
8.26032504559e-07
9.06983690006e-06
0.000191829764862
0.000126357926714
0.000433682744362
0.000185688256092
5.04126032044e-05
6.14285638706e-05
1.45892359078e-05
5.09138352003e-05
8.17573509515e-05
8.60654709342e-05
4.73553018178e-05
2.87035705174e-05
0.00013815813581
0.000285754038616
7.49727683157e-05
7.18887796072e-05
0.000108252582429
1.29521896715e-05
9.14989851204e-07
1.18950561885e-06
2.92154654243e-08
7.69991993873e-07
7.8660809704e-05
3.85252054914e-05
2.17974948499e-05
0.000158964599723
2.90416685282e-05
9.21667322699e-05
8.22767553948e-08
2.23466087557e-06
0.000184541753686
8.46413045034e-05
2.6287541637e-05
9.49733396485e-05
6.07452442649e-05
3.05995480989e-05
0.000178377707323
3.0382977395e-05
0.000272021263733
0.0
5.01794369903e-05
0.000106910280383
5.33088473059e-05
2.08580716788e-06
0.000327787678068
0.000200008065377
0.000100193132232
4.03115817834e-05
0.000194972092472
0.00018265319562
7.18497476483e-05
8.3515486455e-05
9.86021958074e-07
5.74027905862e-05
0.000505087240217
6.40445515119e-05
6.2551805999e-05
1.84539176551e-08
0.0
0.00336753533237
0.000322875157475
8.29259025696e-05
0.0
5.89542416821e-05
0.000327262312253
0.000201253839409
3.87715344328e-05
0.000469094634369
0.0
0.0
5.406590364e-05
0.000135693792299
9.78515467352e-05
0.0
3.52339475519e-05
6.01964141912e-05
0.000142229647682
0.000510781868069
0.000117845320283
6.272579098e-05
3.50127496523e-05
4.12926138558e-06
2.86871103825e-06
2.54042671145e-05
0.00012117555931
1.06748815974e-07
0.000109328923592
0.000198998471576
2.24453231824e-05
1.75935732506e-05
0.000103443127964
0.000228871724957
0.0
5.44209650063e-07
2.96327138064e-05
5.64206116388e-05
5.48320581273e-05
0.000112532827343
0.000976613513037
2.97371701641e-06
0.0
2.34479295777e-06
0.0
0.0
1.43399242792e-05
6.89258305389e-05
2.08160191149e-06
2.96470575273e-05
2.58637298487e-05
9.18344771851e-05
0.0
0.000103754026475
9.8153022706e-05
0.000219129723519
5.57793387589e-06
0.000319294046058
0.000414022859024
4.20475802204e-05
0.0
0.00703685346967
0.00707819907354
9.11321051318e-05
0.00469477371636
0.0031442864637
0.00530661859438
0.00179477997187
0.00558114876178
4.51631495351e-05
0.000257313186695
0.000165693049455
0.000293292812955
0.000122743421439
0.000527884947317
4.60793109412e-05
2.03151825648e-05
0.000437246879682
0.000476063463829
8.58312768699e-05
0.000137803983306
0.000248223236831
0.000277969795207
3.55944915601e-06
0.000135880292473
1.581423457e-05
1.14377213097e-05
6.09190391399e-05
0.000309794230002
6.07452415544e-05
0.000156611062852
0.0
2.015395795e-06
2.41908879601e-05
0.000506840743156
1.28717412884e-06
2.31154977442e-05
6.16225653351e-05
8.32640764596e-06
0.0
3.85234484451e-05
9.07731271199e-05
4.12689526424e-05
0.0
0.000191368377723
8.20840009212e-05
0.00010459393833
8.3448350535e-05
7.42155283753e-05
0.000177898357788
3.21143080165e-05
0.0
0.000459985944861
5.75491522767e-05
0.000103269924087
4.84958112433e-05
1.70535742877e-07
1.09557995342e-07
0.0
0.000115786402029
2.53687841681e-05
0.000576167859845
0.000136770801325
1.26157691605e-06
0.0
0.0
0.000355460736161
6.89092634344e-05
9.95992389449e-05
3.92683144475e-06
5.93048977632e-08
2.01773869656e-05
0.0
5.57025635527e-05
2.51152639509e-05
6.95354044753e-05
5.06930516171e-05
0.000148949961742
2.96102690112e-08
5.13048320962e-05
3.71052034134e-08
3.62970678417e-05
4.33809821535e-05
0.000104161144884
1.11067057451e-05
8.01150380335e-07
4.26136595745e-05
2.78310461894e-05
0.000186836393994
5.51563098309e-05
6.33975432935e-05
3.96495602189e-06
9.09825447931e-05
8.91707762026e-05
0.0
2.07377479288e-05
9.04847603017e-10
6.30920311587e-05
3.7273106161e-05
0.000160666093167
3.51682176878e-05
6.63252392323e-05
3.72783610293e-05
0.000228846781261
4.55098286124e-05
2.25351256727e-05
0.000216751044614
0.000147323120618
0.00039802095377
0.00013153124377
0.000167535274431
0.000217312624766
0.000120903076231
1.53087809466e-06
4.73018527829e-05
0.000864951935706
8.15707845793e-05
4.83094986972e-05
0.000137423950022
2.98693800196e-05
0.000157215915735
8.24113484781e-05
7.241943585e-05
0.000127409921612
0.00020487125178
0.000210913231064
2.6848359378e-05
0.000135852972404
8.05143006382e-05
6.51377082147e-05
9.14989851204e-07
1.5305896408e-07
0.000103790152288
7.12574692225e-06
0.000198447361954
1.25556940693e-06
2.05691888487e-06
6.9386730383e-06
6.33448355142e-05
2.70765000443e-05
9.53006154237e-05
4.62578202553e-07
8.17321902976e-05
8.82655876991e-05
8.09333605349e-05
0.0
1.23212074228e-05
6.45527099597e-05
1.38773460766e-05
0.0
2.65106371388e-05
5.14092593292e-05
3.26493528817e-05
0.000127269728338
0.000801968686413
0.0
9.75034053633e-05
2.62266922776e-05
0.000120213092648
4.05630686042e-05
0.000148599106674
2.1117429821e-05
0.0
1.28365451209e-05
3.30682135629e-05
3.90040663411e-05
5.55629601166e-05
0.000165168576782
0.000117418669912
5.49697480707e-05
2.78122803302e-05
5.85860147627e-05
7.56397160517e-05
6.59456140515e-05
1.2124184038e-05
0.000228223965299
0.000108782390929
6.19548461582e-05
0.000737215723877
3.72260555619e-05
3.29963801894e-05
0.000200037344473
0.000186590202372
9.67100141419e-05
5.14213528006e-05
0.0
1.47873527706e-05
0.0
0.000271341058939
3.78473074816e-07
0.0
0.000124644548519
0.000251887061211
8.27926905072e-05
3.4878077086e-05
1.93844055956e-05
0.000183915621191
3.05554647916e-05
8.92115104924e-06
0.000838568087597
7.07112006188e-05
0.0
7.88245859029e-05
5.61677960614e-05
0.0
0.0
3.11048705243e-05
0.000111719239193
6.33380816849e-05
3.46933651915e-06
0.000757250989696
1.48868382752e-05
2.70788473767e-05
2.45423931072e-05
0.000188255414682
0.000190898869623
9.44853508024e-05
0.00142428274943
5.9077868022e-05
8.74065691105e-05
4.09201211413e-05
4.91915399084e-05
0.0
0.000531644850567
0.00011996425694
4.49462012546e-05
3.82443331582e-05
7.10032431147e-05
8.21929379069e-05
2.04856061131e-06
5.55093843064e-06
3.71496297849e-05
4.13467188138e-06
5.10998177963e-05
1.72058816007e-05
0.00041418321078
0.00013328212127
7.71524497494e-06
0.000698155959012
5.05582294774e-05
6.29227218898e-05
0.00129636304451
0.0
0.000173279349692
4.64489682729e-07
0.00019135483752
0.000206334163101
2.82042566467e-06
0.000220506242587
2.08160191149e-05
3.00738559982e-05
4.64345853555e-05
0.000107838611385
1.5305896408e-07
0.0
0.000415835603896
0.000353889142477
0.000337615956334
9.17998812715e-05
0.00100207557174
6.03072908199e-05
6.76326336031e-05
0.000871968469001
0.000487581456682
2.77546921532e-05
4.15310034091e-05
3.56515256725e-05
1.44807089495e-07
0.000124162607678
0.0
0.000118461216567
0.000187521346775
0.0001334209264
5.83390927469e-05
0.00272316648081
0.00125786170891
0.0
5.38792460182e-07
0.00159043841773
0.000205716593204
0.000385111207259
9.54130571124e-05
6.49792357602e-05
1.47814016161e-05
2.73244359198e-05
5.80532539459e-05
5.35244954183e-05
6.63914937677e-05
0.0162148242126
0.00020719541896
3.80601597446e-06
0.000124623253478
0.000110414934152
0.0
3.69559759649e-06
2.08160191149e-05
4.24315154931e-06
6.10796301974e-05
0.0
4.00443699128e-05
5.70693274783e-06
0.00180067624402
0.0
0.000954680027392
0.00124695639294
0.00075486952518
1.98247801094e-07
6.86934768494e-05
0.000181880032279
0.000363143499985
0.000732056194071
2.08160191149e-06
8.03678321859e-05
0.0
3.96035086966e-05
0.000127668839408
6.0433603882e-06
0.000102908498673
0.000772654412389
0.000385758141927
0.000163271860741
0.0
0.000250433253754
0.000204809270383
6.88372492007e-05
4.05656737418e-05
0.000139905953726
3.7668850393e-05
0.0
0.000202373455594
0.000313538343429
0.000279434171947
1.497292603e-06
0.0
0.00141718317745
0.000578865934745
7.73465191704e-05
0.00091544018948
0.000112004083396
0.000118707597424
4.62333722738e-05
7.37449729007e-05
2.47602469943e-05
0.000355451660399
0.000250663990647
0.000222831931743
0.000280569984491
0.0
0.000334284922575
4.65570959387e-05
0.0
6.33935266384e-05
5.64288797894e-05
8.5039257029e-05
0.00466610260271
0.000102776685746
0.000140990411226
0.000243239001666
4.01875579141e-05
0.0
2.08160191149e-05
1.58421431242e-05
0.0
0.000194032455006
0.000141127610002
2.94294775257e-05
4.73935248666e-05
1.73466825957e-06
0.0
4.08001749076e-05
4.8692442374e-07
0.000111433841064
8.16314475094e-06
0.000175192186289
3.28390976311e-05
0.000897567152713
0.0
7.5420359112e-08
0.000106129141468
0.000158754794601
6.56083765335e-05
0.0
1.2064031148e-05
7.50187701868e-07
1.36250306934e-05
8.28705340302e-05
0.000199765298794
4.91664025195e-06
4.00601362745e-05
0.000398955168853
0.000196809469515
4.43835116238e-05
2.55910199154e-05
0.0
5.16899677819e-05
0.0
0.0
4.48367607731e-05
0.000821313051753
0.0
9.46578100334e-05
3.78473074816e-07
0.000141354267358
9.16993260356e-06
0.00011832228273
0.000142222782137
3.70226491174e-05
7.72843388383e-07
2.32673856032e-06
6.74849204396e-05
0.000417726171446
0.000184952135118
7.40117359202e-05
1.91442344969e-05
2.41480827956e-05
0.000150108463153
0.0
1.12190232892e-06
7.53763888883e-05
0.000223693068088
7.58233009899e-05
0.0
0.000344894622212
0.000191723833946
0.000137168052797
0.0
0.00010688585145
0.00123510474995
1.53355380909e-05
3.95634058006e-05
0.000137749080306
2.36474410668e-05
2.49100636173e-06
0.000544532647981
7.8246304598e-05
1.51820538274e-05
0.000101743094338
4.9024012013e-05
1.21731105935e-07
0.000136944145183
0.000192859282779
0.00022331634891
0.000249610350902
3.66260549419e-05
0.0
0.000256583106535
0.000119228434746
0.000330586361384
2.73730156819e-05
2.08160191149e-06
0.0
5.35971450486e-05
0.000373427864833
3.80209286926e-05
0.000499809267708
4.20112688465e-05
0.000441199794421
1.65887660023e-05
0.0
6.94617430645e-06
0.000360734298817
7.73555126057e-05
0.00048251781018
2.11826015873e-06
0.000491151276366
0.000103208797258
8.64441078285e-05
0.000237390287877
6.86349720804e-05
0.000237276936415
0.0
2.68518956537e-05
0.0
0.00024538325727
0.0002722166157
1.70312883667e-05
3.36223386166e-05
8.32640764596e-06
0.000355353813319
7.29425478383e-05
8.93282963324e-05
4.29203420518e-06
8.32456869123e-05
0.000306377912969
3.58177865579e-05
9.96551846075e-05
0.00031139613955
0.000175692896304
0.000748016061434
0.000658088331925
5.07115432352e-05
7.92991204377e-07
3.16753473386e-05
0.0
1.98247801094e-07
0.000223805541471
0.0
4.8176518507e-05
3.97399890404e-05
4.90346795543e-05
1.70283220389e-05
0.000901440388576
7.94097727806e-05
0.000112466787647
5.03879884896e-05
4.66219185407e-07
8.82609105193e-06
6.68581851965e-06
7.00343514181e-07
1.89022883253e-05
1.52260612765e-05
6.11856149283e-05
7.9240395527e-06
2.08160191149e-06
5.61365007174e-05
0.0
1.13082524688e-05
7.82074007754e-05
0.000878188431284
7.26600582139e-05
1.65130635308e-05
6.1678665999e-05
0.0
0.000333203027959
4.56626543705e-05
2.50831175074e-05
8.44580077356e-05
5.4271574124e-05
0.000116325842293
8.65424445917e-05
0.000106086903014
0.0
4.90065309895e-05
0.000640198617797
0.00012512912132
2.33358530078e-05
1.94007206418e-05
0.000413550705999
0.00114608008005
0.00010634959822
1.81660891711e-05
5.9407737129e-05
0.00117878123746
0.000273236378973
9.86357951803e-05
3.11601505585e-05
1.05505647023e-05
2.16414311785e-05
2.38469741305e-05
2.66481927983e-05
8.65331999493e-05
3.70062562043e-05
3.7989396787e-05
5.83981156537e-05
9.33821897266e-05
2.05682093635e-05
5.1748716865e-05
6.78783232008e-07
2.40325564246e-05
0.000208633975604
0.00015081900663
4.62429825389e-05
6.71124651155e-05
3.48747672928e-05
0.000305512789859
0.00018708683877
0.000608445858571
9.65528701347e-05
0.000148010096113
0.000124909843802
0.00235412756267
1.68167885132e-05
0.0
7.01171170186e-05
0.00167671627815
0.000678959960675
0.000198019796292
0.000923190341517
2.09816114191e-05
0.0114219220999
0.000250767416049
0.00226888976801
3.70571091722e-05
6.67874273136e-05
0.000109140856212
1.7821518986e-06
0.000551556694793
3.00082369072e-05
0.000261391880981
2.45556085327e-05
0.000279110701664
2.80605362002e-05
0.00032391519513
2.94199138146e-05
0.000264253561048
7.92991204377e-07
8.66063217383e-05
0.00011284990813
0.000587168731448
3.4373148155e-07
0.00367473226633
5.08514758379e-05
3.97363805745e-05
0.000112277436424
3.41596211116e-05
9.6196949632e-05
0.000108645029443
0.00218539653437
8.01467016163e-06
0.0
3.37227451792e-05
6.71147015968e-05
3.79461093723e-05
9.47964437807e-05
0.000738789569001
2.95541152666e-05
0.0
2.62190929842e-05
2.3605725762e-05
3.20189169849e-05
5.64820117726e-05
2.69389510844e-05
6.85861142632e-05
5.12709830416e-08
6.45628244144e-05
5.26016139158e-05
0.00568124705956
4.35866483719e-05
6.1913281546e-05
0.000181918679655
8.02001853275e-06
3.47134772873e-05
8.79529087665e-05
0.000671570341055
5.61987054269e-05
0.000224110142655
0.0
3.51808173944e-05
3.89370173975e-05
0.0
0.000665988969083
0.0
8.20401250882e-05
5.42248144262e-05
3.53653060054e-09
1.84564760391e-05
0.000184883464084
0.000185799426784
1.54549812095e-05
0.0
0.000121581685596
4.62578202553e-07
1.8545180666e-05
0.000186770215133
0.000392689326148
8.34610007425e-05
0.000279118925836
0.000149600376919
0.000121857611774
6.52717753697e-05
0.000702335883002
6.99953859127e-07
6.68674120828e-05
2.35826256188e-05
0.000293315220627
0.0
0.0
1.46528788174e-05
0.000826445744838
0.0
4.00845138522e-05
0.0
0.0
3.84094746011e-05
0.000424110769118
4.93291234935e-05
9.40549993791e-05
0.000488363439032
6.93700890095e-05
0.00201668068974
4.41371452798e-05
5.37837561679e-05
0.0
0.000165178864895
8.10357150383e-05
0.0
6.29026383779e-05
1.36763016764e-05
0.000122831916098
5.21033545514e-05
9.26496475361e-06
0.00380614787626
0.000228001832721
0.000106073745989
7.13314893974e-06
0.000119468504618
0.0012469208702
1.17452615594e-05
0.000114822698335
3.21161437773e-05
6.0857911032e-05
8.27936764057e-05
3.86583212134e-05
0.000190046113793
0.000123674410757
0.00018027000285
0.000163877141248
0.000453879235802
3.27440040291e-05
7.01849846703e-05
0.000292539828459
0.000100283509875
1.96777749084e-06
1.77006965262e-08
2.49223282926e-06
4.32995570174e-05
2.11944921897e-05
8.09974424897e-05
2.15586761668e-05
9.32404174179e-06
0.000475896050098
6.87417566096e-05
2.11908986291e-05
7.18339117836e-05
0.00045950327087
2.49154256542e-05
6.28784749748e-05
7.69072339233e-05
0.00063883732897
3.98490178918e-05
5.92345295777e-05
0.000183914692163
6.89557569023e-07
4.84549050673e-05
2.42258794222e-05
1.97377588888e-06
3.46933651915e-06
0.000610350049949
0.000608298162625
0.000314417599859
0.000135859324421
0.00031350433902
0.000216874774944
0.000158110085045
0.0
0.0
3.62938117746e-05
2.47809751368e-05
0.000897439973562
4.61747752763e-05
0.00021450807049
0.000115909839653
1.28802762534e-05
2.99337610894e-05
3.20372206331e-05
7.5039502589e-05
0.0
7.51641440629e-05
0.000101016203745
8.72874839216e-07
4.4703172566e-05
0.000203190347412
0.000288640908443
3.92192802984e-05
0.000330014991418
0.000317530470315
0.000156896206895
3.99370880214e-05
6.97222266618e-06
7.11425094159e-05
0.000739809251098
0.00016651979887
9.2480694282e-05
0.0
0.0
0.0
5.30155678967e-05
0.000105520046922
0.000102106539427
0.000149484413346
1.48036618256e-05
5.02985971138e-05
5.81849196199e-05
0.000147666257923
2.54418011404e-06
1.83123742042e-05
6.32350214633e-05
2.55809114912e-05
0.000126754955382
7.77867275878e-05
0.0
2.82080124069e-05
0.0
0.000129623931922
5.62249998614e-05
0.000603014722245
0.0
2.95843599272e-05
7.73076775419e-05
0.000649839599102
0.000888647101797
2.08337198114e-05
5.29267127496e-05
6.41708586584e-05
0.000321183385934
2.90505722865e-05
0.000710576344811
4.61258381296e-05
3.99632348087e-05
5.62591730555e-05
0.000313590204273
7.43429254103e-07
3.30413001824e-06
3.64280334511e-05
0.00323059816837
4.13092229601e-05
2.71999268892e-05
1.52925158705e-05
0.000199801005197
4.177400315e-05
1.04695388569e-05
0.000158208698281
1.54909909692e-06
1.58598240875e-05
0.000110459078675
9.8318592154e-05
1.93302636804e-05
0.00105298307124
2.52315383211e-06
0.0
1.46178368752e-05
5.12756409336e-05
0.000511200701527
0.000176070936279
0.000813311386721
0.000220779297145
7.89573392986e-05
2.62671500668e-05
0.000482588418452
0.0
2.85657058849e-05
1.5305896408e-05
0.0
0.000484587827897
0.000131817165334
2.56599984058e-05
2.77546921532e-05
3.24982504262e-05
7.81497724003e-05
8.68068337413e-05
0.000146309531121
0.000714054481287
0.000190877135273
5.07573312298e-05
1.35945788368e-07
0.000505187532086
7.95391421639e-05
0.0
0.00015557800272
7.65382179947e-05
0.000216690117408
4.34069318392e-05
9.36898852814e-05
0.000280003372597
9.5940721228e-05
0.000299669393423
6.29221162615e-05
0.000125305111693
2.87650293822e-06
4.98576735733e-05
4.06062798862e-05
0.0
5.35849678809e-05
8.50282046348e-05
6.4938838262e-05
2.08160191149e-05
0.000117889898282
6.23789309042e-05
3.82946409107e-05
0.000480370040964
0.0
8.08281754735e-05
3.30283449896e-05
8.68623718217e-05
0.000150647512875
2.05637037317e-05
5.65650899396e-05
0.00012054992211
0.000737238605273
2.31450841907e-05
0.000142649382036
0.00017078733257
1.68749572174e-05
0.000232067382343
3.60708958682e-05
3.79198148548e-05
4.60527233389e-05
7.33257377221e-05
5.02662516722e-05
4.0807996165e-05
0.000128233200775
0.000107704774761
2.96102690112e-08
1.52493040486e-05
6.55827213356e-05
0.000387030702335
0.0
6.9386730383e-07
5.16113580977e-05
3.63687045756e-05
2.01147007509e-05
5.78222753192e-07
0.0
7.86939123411e-05
0.0
0.0
0.0
2.49928391012e-06
8.31664544363e-05
3.76223526951e-05
0.00550221878882
0.0
5.43138286894e-05
2.4285355634e-05
0.000104567418608
0.000200837253362
0.000106184528391
0.0
6.00849640334e-05
6.18293784554e-05
3.28072442342e-06
2.84106538549e-05
0.000256170133104
0.000219236919586
2.76834266135e-06
0.0
0.000337419558729
0.00403235517558
0.000471058300223
0.000118555639567
9.30659028845e-05
2.31289101277e-06
0.00411211993361
0.00147419997271
4.65672715991e-05
4.38808889817e-05
6.60410952774e-05
0.0
0.000102530441435
5.12709830416e-08
2.87908237003e-05
0.0
2.08160191149e-05
1.00794281133e-06
7.15626208828e-06
0.000588530931852
0.000340949502603
0.000110363011904
0.000111326893477
7.51775501514e-05
0.000103697785943
2.22602387575e-05
7.40619790382e-05
2.39897417524e-05
7.15737394902e-05
5.13878050209e-05
0.000127133327881
0.000140587599214
0.000173704407843
7.37782724714e-05
6.36611622659e-05
3.49148795329e-07
2.13856855619e-05
0.000126060169316
0.0
1.46644838105e-06
3.0082307453e-05
5.60574189108e-05
0.000213416053898
0.0
0.000464485654623
3.62930765378e-05
9.48281468253e-05
2.49022362384e-05
0.000103150906584
5.53348196871e-05
4.26915923559e-05
0.000170806959874
9.57128572309e-07
0.0
3.84644446954e-05
6.23210944757e-05
6.75840425236e-05
0.000309238177735
1.82269620111e-05
7.88263525426e-05
0.000863485341644
0.000647684465434
0.000108178356826
3.87641502925e-05
2.37219591053e-07
0.000104157678555
4.27209968427e-05
6.09550217606e-06
2.83329149064e-05
0.000150537102559
1.73714544502e-05
0.000392260135198
0.0
8.45186908924e-05
0.000190830350355
0.000164941248096
6.11315518756e-05
0.000171559189296
0.0
3.02277158472e-05
3.77726317575e-05
6.713004169e-05
0.000346447201113
6.85076471148e-05
9.28073355635e-05
9.56962321342e-05
2.25191479516e-05
5.20191238137e-05
7.81640412874e-05
0.000176243531753
7.92130557897e-07
0.000115080544581
0.000115126825313
3.78473074816e-07
5.41712286997e-05
0.000126880198659
0.00178468784034
0.000130628348863
8.87730480837e-05
4.64443516669e-05
0.000123640511656
4.8554101308e-05
5.56622739224e-05
2.65713104021e-05
5.31437394561e-05
3.12240286723e-05
0.000138217283282
0.000251204357019
2.37897361313e-06
0.0
4.07342605285e-06
0.000139667637915
0.0
0.0
0.000161700834445
2.66872039935e-07
9.32617733168e-06
0.000166202375884
8.11013731749e-07
3.83560007095e-05
1.8545180666e-05
3.69879724808e-05
0.0
2.12785973175e-05
2.83500430576e-08
0.000100065207067
0.000184741221502
0.000135547211391
0.000125765078336
0.000123748401036
1.79002637833e-05
1.77874548149e-05
6.9386730383e-06
0.000211744313547
0.000133426387954
1.26882367651e-05
1.85031281021e-06
0.0
0.00011618853473
7.23057633282e-06
0.000642935605477
1.69696426488e-05
0.000134310683552
0.000152961824022
0.0
0.0
2.13491122874e-05
2.47469892796e-05
7.36418534578e-05
1.78790253334e-05
8.21938536771e-05
0.0
1.43234036291e-05
8.28387174943e-05
4.77790592494e-05
0.000791496991231
0.000115813736849
0.000839049185018
0.000319575340166
1.63007684004e-05
0.000145166117068
0.000368309214147
0.000290836594902
8.89280622894e-05
2.00527650807e-05
9.00658494069e-08
7.6619030576e-05
7.99243709993e-05
0.000114536543168
0.000209196505993
3.46933651915e-06
3.17632191204e-06
3.5620805373e-05
3.63454302006e-05
0.000791296202343
0.000121786497734
0.0
0.000165594259161
4.22893862018e-05
8.79948162633e-05
3.13000407125e-05
0.0
0.0
0.000410216619605
9.11976309939e-05
0.0
0.000166676854363
0.000214601529681
0.000154905134288
0.0
6.51110539058e-05
4.63914902072e-05
8.95121911664e-05
0.0
2.07861625183e-05
4.70110888842e-05
9.64496906118e-05
0.000111668607185
6.55519003774e-05
2.05611943462e-05
2.02022152472e-05
4.82441854781e-05
1.22447171264e-06
3.62072574908e-05
0.000119517744814
0.000103318932146
2.42397814269e-06
1.79424272506e-05
0.0
0.0
0.0
2.9800711126e-06
1.57867808636e-05
2.28747462801e-07
6.06026806276e-05
0.0
0.0
5.5241874462e-05
7.67750528194e-05
0.000120843480475
1.26899795674e-05
2.08160191149e-06
1.36816534333e-05
5.20718776268e-05
2.31644930663e-05
2.10679741946e-05
0.000138252570573
7.13349598365e-05
7.2123103867e-07
4.03185244738e-06
4.33523830377e-05
5.67144964356e-05
0.000111101896799
0.000135327279404
0.000102510398588
1.57748875258e-05
3.23319103245e-05
0.000143225343372
3.78369254652e-05
5.6382797572e-05
9.3143365342e-05
0.0
0.000684258833889
9.05606259868e-05
2.01120957631e-08
0.000107884218014
4.23059558081e-05
6.26465316245e-05
3.96495602189e-07
7.5218454681e-05
2.43607759932e-05
0.000179324134532
0.000133681981786
2.45794873308e-05
7.18584873088e-05
0.0048863966247
9.72974388207e-05
5.26345746682e-05
1.19632293764e-06
0.000190537465575
0.000961196798879
0.000107937284943
0.000132220513045
1.89900525259e-05
0.0
0.0012270635059
4.38469387453e-05
0.000192673049676
1.46675645845e-05
0.0
0.0
0.00120143183804
3.1180790458e-05
6.24335212063e-05
0.000103608929906
4.37921640771e-05
1.97884876058e-05
0.000151320328403
0.000246788370153
0.000261181437821
0.000143284029834
0.0
9.84938789845e-05
5.2875462941e-05
4.57684560184e-05
1.54161926445e-07
0.000209726046224
5.20400477872e-06
1.41437998218e-05
4.69240731766e-05
0.000867677465594
1.30663323448e-06
6.42965841387e-08
0.000497819571461
0.00012436896951
0.000264773056231
3.6774967103e-05
6.7055716497e-05
1.8889276509e-06
1.83080217887e-05
0.000184255469395
5.64186246139e-05
1.98038236823e-07
1.60657211164e-05
0.00104129691613
0.000150673832865
5.21850869394e-05
2.22919795733e-05
6.64635800463e-05
0.000164924112756
0.000342734563873
6.58995320762e-05
5.34708075838e-05
0.0
9.16285309319e-05
3.77752173721e-05
6.59422469544e-05
0.000115111863387
0.0
3.64907905743e-05
9.91239005471e-07
0.00115517028613
0.000178188801238
0.00020157801703
0.0
3.42481741067e-05
0.000107697755344
0.000207567863374
0.000323890553958
1.9406502634e-05
3.1211006393e-05
0.00179224834228
8.03602778829e-05
0.0
0.00178150262818
0.000172803475754
0.000290562097485
1.99224021327e-06
0.000221886344258
0.00018090993401
5.06712132359e-06
0.000181966990364
6.95082070139e-05
2.09061317518e-05
0.0
9.17878856747e-05
0.000475418960976
3.35673378735e-05
1.46936605517e-07
0.000187042027033
0.000119557211754
0.0
0.000301227997899
2.48918069859e-05
6.6506558153e-05
0.0
1.68119352375e-05
0.000120422004437
0.000587849644712
1.15644550638e-05
0.000168494265433
0.000213690894632
0.00039798043485
2.11549502267e-05
1.96591204559e-05
8.76215967658e-05
3.24268807492e-05
9.24020723393e-05
0.000293834360667
0.0
0.000135326498471
4.26130243708e-05
2.52215350147e-05
0.000315081411248
0.000132236334088
9.82978680426e-06
8.91563070955e-05
5.92033980339e-05
1.99642127061e-06
3.42122553506e-05
2.32912012197e-05
0.000260500317106
0.0
4.23175379316e-05
3.69435239109e-05
0.00228862175795
7.73772010856e-05
0.000589878099692
3.826474102e-06
8.6774132046e-05
0.0
8.5827450564e-05
1.17604627768e-08
0.000160406301369
0.000128652106905
0.00030588758589
6.38925645994e-05
0.0
0.000130490920466
7.43111337298e-05
0.0
1.30326380545e-06
0.00541723621069
3.73438440922e-05
0.00036583547639
2.62663970667e-05
0.00017739819752
4.91907122037e-05
8.1129218973e-05
3.4621275082e-05
0.000100639747096
0.0
0.000162970493587
2.24723117194e-05
4.21137937645e-05
8.11964977621e-05
2.1885974159e-05
3.75063407475e-09
6.25764170414e-05
0.0
7.27977866483e-07
9.19700048497e-05
9.14989851204e-07
2.10211030471e-05
0.000397379823449
0.000171167096279
0.000114093834812
0.000225241752157
9.72514980126e-05
7.91828572032e-05
0.000654422531284
2.51449385497e-05
0.000637287268429
0.000107249317329
8.67130177089e-05
2.88924205845e-05
3.48595588075e-06
3.94639891773e-05
0.000103659003437
3.70728803437e-05
7.16178968159e-05
0.000123824711521
1.3749598162e-05
0.000316353808355
0.000245927089862
3.42731074425e-05
9.24950617504e-05
0.000565875568745
0.000103027570145
0.000276318944056
0.000172571701094
3.33183806174e-05
0.000122231760935
0.000200240680479
7.05876151728e-05
0.000106687197202
5.11395854065e-05
0.0
4.40809816551e-05
3.50870163801e-05
0.00014553233775
0.000254953671438
0.000202648955552
0.000302486729903
7.61898571275e-05
0.000102001962054
0.000212033225014
0.000109518553662
0.000171955351944
4.10813878719e-05
0.000305460147782
0.000202431678542
0.000174617215888
0.000197753039498
0.000276088490196
0.000104737856844
3.29107021579e-07
1.46398376193e-05
3.10362916633e-05
4.28544617755e-05
3.15394229014e-07
0.000126991352439
0.000184177671072
7.87734852435e-05
4.01621051802e-07
7.29039180337e-05
0.00270102679869
0.000110151286779
9.36781309388e-05
1.24896114689e-05
0.000241271852684
0.00211753492531
0.0
5.45279070221e-05
6.87818582332e-05
3.4254508948e-05
2.36028720068e-06
4.72866457159e-05
8.84340681352e-07
5.8210891434e-05
0.000372059464129
8.0631220287e-06
0.000211052721777
8.84872883247e-05
0.000176451169183
0.000153377704878
0.0
3.13268238285e-05
0.00013696616702
0.000596282828189
8.55369275122e-05
1.11607672419e-05
9.32686207276e-05
6.57001346393e-05
0.000118639774466
7.65487183837e-05
2.13957398545e-05
4.79581819208e-05
5.98266213541e-05
6.93087937083e-05
0.0146329248802
0.000334309338576
4.10842482531e-08
0.000246168146433
1.3142533196e-05
2.00017870747e-06
3.244054927e-06
0.000153872992992
4.8663983904e-08
0.0
2.76285344616e-05
4.89376931542e-05
5.58143809235e-06
4.95191939387e-05
2.08160191149e-05
6.69860840239e-05
0.000157145452747
0.000147275656482
3.7153160839e-05
0.000368478077434
3.82978706659e-06
2.27469509695e-05
0.000123836835281
3.12240286723e-05
3.86583212134e-05
3.54967904907e-05
9.00320567577e-05
1.73466825957e-05
0.000185938109166
4.28752366154e-05
7.61151424548e-07
4.66949568117e-05
0.00138246081759
0.000117004630109
0.0
2.86976400276e-05
0.00024113315937
6.09170626411e-05
7.44389441424e-05
1.2907229608e-05
9.78310011223e-05
0.000336096879851
6.88597919088e-05
7.67846816093e-05
0.000102663019791
1.68210255474e-07
2.94763294236e-05
2.61148002547e-05
9.15667999193e-05
0.000121429918693
2.31289101277e-05
5.64403195576e-05
8.73775718338e-05
0.00017480658814
0.000187401754284
5.65707173843e-05
1.54192734184e-06
5.88542761654e-05
4.54317877508e-06
0.000192458221509
7.08994263957e-05
5.14303629137e-05
5.20400477872e-06
8.41921910971e-05
0.00013193269848
0.0
0.000229078511352
0.000253120410269
0.000102617185752
4.53229386177e-05
0.0
7.96945092411e-05
0.0
8.28198792337e-05
3.97742763723e-05
0.000111446363588
0.0
0.0
1.60804788293e-05
0.000263392673328
0.000155122279342
0.0
8.94158896705e-09
6.10246921502e-05
2.51799532696e-07
2.51968796146e-06
3.46933651915e-06
0.000113265083871
0.000341417510895
0.0
2.74281663632e-05
6.19562160878e-05
2.56989326572e-05
0.000128380329062
3.46933651915e-05
3.38859021789e-05
9.44380434304e-06
0.0
1.89559624179e-05
0.000131775518941
0.000119103406801
3.23445649948e-05
4.17376580977e-05
0.000384832753651
2.18072581204e-05
3.78473074816e-07
5.15875877541e-05
0.000365434849938
0.000159389202792
0.000109226657424
4.99480621715e-05
2.21677086678e-05
7.92991204377e-07
2.22807558157e-05
8.4890409539e-05
3.37725123341e-05
0.000304167009845
1.48215846551e-06
7.30694218218e-06
0.000362153393325
0.0
7.86987491975e-05
4.35534267591e-05
2.51059612336e-05
0.000210787280518
3.43157603329e-05
0.000122550573377
2.49762275194e-05
1.02456742925e-05
2.25647903685e-05
9.14839578483e-05
8.21349647542e-05
2.77546921532e-05
0.000402779591087
2.20275334549e-07
0.000291327518424
9.3041949739e-05
3.66107984222e-05
0.000660839673556
3.51065459027e-05
0.000199278164338
0.000469452508601
6.9070513744e-05
0.000234589559559
0.000110847776444
0.000336147087383
5.69239871256e-05
0.000342236989288
7.76448040971e-05
2.28747462801e-07
7.13692083939e-05
4.91958794498e-05
0.000105166029261
7.70012413006e-05
6.02595258232e-05
0.000314984867734
0.000157037954048
0.000636168926463
0.0
4.89367072086e-05
3.60810997992e-05
4.62578202553e-07
2.91148397276e-07
0.000285742779901
3.78473074816e-07
8.72170867601e-05
1.40754684838e-06
6.33673484908e-05
0.000234885869643
2.07324517437e-06
0.000100737417126
5.75740962537e-06
6.88681538969e-05
8.11099196042e-05
0.000236120560674
6.52311304543e-05
8.22027104947e-05
7.61982350808e-05
0.000183879063351
2.63371671783e-05
0.00042481141669
0.000406994994975
6.44449155572e-05
0.000808689735073
4.05505358974e-05
0.00014487721107
1.67421769901e-05
8.63134867623e-05
2.24439385585e-05
0.0
5.26384104041e-05
0.0
0.000217573817665
1.95241004755e-05
5.34891985519e-05
0.0
0.000197927302184
6.02231333916e-05
0.000142095729054
2.81587400526e-05
5.09963546222e-05
0.000139551209568
8.5549181565e-05
0.000217623047764
2.93873211034e-06
0.0
0.000125329137607
3.30832062216e-05
4.07256903311e-05
7.13692083939e-05
8.82824204514e-05
6.04593223775e-05
0.000230548038123
0.000107715786196
0.000184090084178
1.5305896408e-07
6.09979894333e-05
5.45883452769e-05
0.000512018653817
0.00170302559854
9.83499405667e-05
0.000814574364502
1.25021135825e-07
2.89943239536e-05
0.0
0.0
3.09557583869e-05
2.08160191149e-06
3.67075785224e-05
0.000209226277243
3.67840359418e-05
1.67683103113e-05
6.68276757388e-05
0.000146158702794
0.000276220737132
0.000252447779878
0.000979667122763
0.000133032426332
0.0
0.000169686260975
0.000230139241187
0.000148956947307
2.92685486338e-05
2.38614504675e-05
1.268785927e-05
0.000344215856987
5.42701854496e-05
8.31541205977e-07
2.83854806112e-06
2.08225343008e-05
2.88783348291e-05
0.000112067619335
0.000368257810649
5.12067403241e-05
0.0
2.56839256478e-05
3.24252942425e-05
0.000430958629416
8.11177450548e-05
0.000246226672838
2.62828524178e-06
0.000409644872147
7.87017813227e-05
7.31633594023e-05
2.77546921532e-05
0.000105385443131
0.0
0.000422833149769
0.0
0.000127309486747
0.000125017334576
0.000530808067524
1.81085165244e-05
3.37318983041e-05
0.000240710628427
4.58962624614e-05
0.0
2.33326067099e-05
9.33255888795e-05
0.0
3.10873984311e-05
9.03372697871e-05
5.36834177174e-06
0.000614431743524
0.000160761399505
2.05083932166e-07
8.15212557472e-05
8.87260575436e-05
8.13190612489e-05
5.3578973844e-05
2.11243936165e-05
4.44548730084e-05
8.83363716748e-05
2.19697755542e-05
4.97055171247e-05
2.09962380885e-05
1.85031281021e-06
0.000145217833962
3.16953931288e-05
8.03914461849e-05
0.000135277704529
0.000427811404727
0.000233813791951
2.74932349083e-05
0.0
0.0
0.000240514558092
0.0
0.000399277203848
0.000138241981275
5.43471875089e-05
8.77451317167e-05
7.28982469983e-05
8.62620439132e-05
2.59481094821e-05
6.97577824171e-06
0.000428026963977
2.48253060391e-09
3.52525211743e-05
4.39953714914e-05
2.5503996529e-05
0.000492752128104
0.000322493165724
1.66085258895e-07
3.06749471197e-09
2.06421570014e-05
0.000261101853156
1.88057033207e-05
1.71729184547e-05
0.000136582995313
2.52491207854e-05
0.000484105152459
0.000114032063856
2.64294459675e-05
0.000650248243385
6.23029319219e-05
4.43370101205e-05
0.000270279422954
0.000100925950212
0.000112551749651
0.0
0.000624470651053
0.00011762073106
0.0001084250001
0.000449354307901
0.00017778412156
3.96495602188e-07
0.00339321701468
3.17524340146e-05
9.24883687472e-05
4.36153168107e-05
0.0
6.65626258202e-06
6.62231537593e-06
0.00012519585181
0.000105463804896
3.29091349816e-05
0.000427643095036
3.0946703695e-05
0.000795425671595
9.63425253687e-05
0.000116355824389
0.000147314707565
0.00164569564791
5.47691294398e-05
0.00086450219774
9.1703941243e-05
2.71503561144e-05
1.0696865064e-05
0.00140202096088
0.000177923072335
4.43356909362e-05
0.000106467409569
7.62152855603e-08
0.00010496091874
3.05995480989e-05
0.000216844306988
0.000795387539764
0.000851652518992
7.48288268836e-06
0.000117697698726
1.56983552903e-08
4.18572492837e-05
5.13146410605e-05
0.000459205041948
9.40317983811e-05
0.000116222433145
3.84659031319e-05
9.03941967668e-05
9.59415386089e-06
3.38896241346e-05
0.000143817979113
0.0
0.000138450693273
2.08160191149e-06
0.000184469567405
0.0
5.80085298196e-08
0.000296856406274
5.57708873178e-05
9.73848847481e-07
2.9532086232e-05
7.65239343699e-05
2.73629864929e-05
0.000133742096946
0.000106859703059
0.00023889613812
0.00103425630589
2.58992467138e-05
1.99075146846e-05
6.9386730383e-06
3.98388741418e-05
5.44209650063e-07
0.00012144287729
2.43704312056e-05
0.00173350830432
0.000105416379648
5.84593748284e-05
0.000490508722436
3.10260071815e-05
1.76989788975e-05
0.000100970505537
2.58328603301e-05
0.000755855648974
7.6291805757e-05
3.37901436571e-06
3.03316123531e-05
0.000275344850217
9.95596111333e-06
0.0
0.0
5.79610153015e-05
0.000107875539108
0.0
5.19960266279e-05
1.56089777718e-05
6.08487783456e-05
2.58648824947e-05
5.96669862457e-05
9.44633509257e-06
0.000116957771349
5.37903466117e-05
8.4702370216e-05
4.06078023989e-05
2.08976505624e-05
8.80058305664e-10
0.0
6.97530966265e-05
6.27950168675e-05
4.16320382298e-06
0.000163477743575
1.38802614854e-05
0.000426388259197
4.89216707096e-05
7.98092365761e-05
9.31746312648e-05
0.000197605287765
0.000356576794705
0.0
6.46123433392e-05
3.77684645661e-05
2.66872039935e-07
5.33140814502e-05
0.0
8.43329987727e-06
6.72364478041e-06
0.00132717831754
1.71348254515e-05
3.54801944337e-05
6.66503522526e-05
0.000142107444969
3.68411922896e-05
5.52123549768e-05
0.000250347173813
0.000235081650266
0.000220264747427
0.0
2.88532081073e-05
5.70333281114e-05
6.94572693455e-05
3.61195766667e-05
1.27904350759e-06
9.63379609292e-05
5.05059254021e-05
3.38804790928e-05
8.38173224693e-05
9.06795489309e-05
4.24244824923e-05
3.47280375431e-05
1.20195971423e-05
5.78222753192e-07
7.32037872018e-05
0.000182448201313
4.29735808982e-05
1.91317246916e-05
4.66165886616e-05
7.6665288165e-05
0.000101194578848
0.000102260617675
0.000200377696172
5.44209650063e-07
0.000155480760739
2.80515103121e-05
0.000269514597444
0.000242498554146
5.92927674079e-06
5.12709830416e-08
0.000186773846114
8.70378095939e-05
0.0
5.77875538991e-05
0.000217314691582
0.00015131575447
3.33543898665e-05
0.000231230847184
0.000153625696611
9.67311266821e-05
0.000618266312836
6.53051580075e-06
1.25021135825e-07
0.0
0.00141986270106
2.78360245844e-05
9.93584465208e-05
0.00322442989396
2.64300697487e-05
2.05872716521e-06
3.87638280853e-05
0.000136743807687
0.00720519918491
2.26663319251e-05
1.37753067672e-06
6.95943958451e-05
6.06239177375e-05
0.00142768397673
3.11892300046e-05
4.13451368967e-05
0.0
3.43150972511e-05
9.86841748753e-05
4.07104180174e-07
0.00040268213689
0.000149773314134
0.0
0.0
0.000172599840603
0.000163281594686
0.0
0.0
2.09614444844e-05
4.84860545054e-05
4.13251717214e-05
0.0
8.95226501946e-07
0.000160007374998
0.0
5.47137819323e-05
4.3382008091e-05
0.000160216822527
2.93882300431e-05
6.98035475361e-05
5.52947947494e-05
0.000119315394429
0.000450992579516
8.41051277369e-08
5.74720982514e-05
1.38773460766e-06
0.0
1.67961541109e-05
0.000245431605735
5.59806201687e-05
0.00100989347651
0.000116059677129
0.000419366508527
4.52044059587e-05
0.000105316072629
4.09067190315e-05
6.36535140147e-05
7.39530315125e-05
8.92115104924e-07
0.0
0.000194326612808
4.29683095336e-05
2.77813793572e-05
0.000883139391277
0.000357982975519
4.54736114971e-05
0.000520598049483
8.41125221964e-05
0.000218829063226
0.000188936046786
0.000396087414975
7.25292353147e-05
3.30413001824e-08
3.04844348983e-05
0.0
3.58439104657e-05
1.31642808632e-06
0.00020879116903
4.23423884366e-06
1.13711849132e-05
8.56821936298e-05
0.0
0.0
0.000212599074483
2.17589049982e-05
0.000184648058609
0.0
0.000195136714863
0.0
7.48647498974e-05
0.000340161792943
0.0
2.08160191149e-05
2.66916032492e-05
6.08747121569e-05
0.00326696850146
0.000110927973972
2.59397474953e-06
0.00020841361551
1.02249428943e-06
3.2710731949e-05
3.25598159952e-05
2.65296710636e-05
7.20983488899e-05
0.000377594584923
9.72070747765e-05
7.18221294322e-05
1.81841444809e-05
0.000408713648315
0.000129179467661
0.000813683761121
6.73298877235e-05
2.97561897805e-05
1.26157691605e-06
0.000117870139041
0.0
2.93593422364e-05
1.76178491283e-05
3.87649645497e-05
8.47113524107e-05
1.43279092609e-05
0.000243460836156
0.000109724743613
5.81716650276e-05
8.65115985979e-05
3.80842809032e-05
0.000120005430892
7.43429254103e-06
0.000839083911824
2.58623267791e-07
0.000129210152449
1.44555688298e-05
3.88454782284e-05
0.000162523018231
3.59612290357e-05
0.000129530602876
0.00310387593151
0.000176646184814
4.9391252444e-05
0.000429322561865
5.63624632294e-05
6.62752688708e-05
3.81817639992e-05
0.000144142802938
5.19161429116e-05
4.36920340719e-05
0.000186364502733
8.1836571961e-05
1.79613218357e-05
0.000132264868309
0.000650774504547
0.000225222573898
0.000121534099912
6.979811416e-06
0.000281968692853
7.43429254103e-07
0.000154194021705
0.000110101496783
0.000220262222973
1.58529676913e-05
0.00196131034717
3.78473074816e-07
0.000394971049148
0.000445554276303
0.00144322313579
1.72043089741e-07
5.44284573428e-05
5.74959876327e-05
1.1393071487e-06
2.11507796562e-05
0.000710353837428
0.000603597421509
0.0
0.000124965857283
2.77546921532e-05
0.00105529813129
4.67907907931e-05
6.58206381604e-05
0.000124212019347
0.000107866387829
0.000805378225193
4.92691012476e-05
2.20042485358e-08
0.000344792299292
4.89299976105e-05
6.41291860707e-05
0.000156945112775
1.79770007756e-05
6.493842108e-05
5.94122300362e-05
2.78942684253e-05
0.0011437222861
0.000522405901367
0.0
8.72290324815e-06
2.08160191149e-06
0.000311970385339
2.84566221667e-08
6.60456705277e-05
5.56013821766e-05
0.000439153978152
0.0
2.84206329092e-05
7.091485578e-06
2.1926206801e-05
4.08157237547e-07
2.74927712346e-05
2.31289101277e-06
9.2794776777e-05
0.000276812524788
8.07882106149e-05
0.000134358073806
1.98734395123e-06
0.0
0.000240556612641
2.69438809218e-05
1.87344172034e-05
0.0
3.99611507874e-05
0.0
0.0
0.0001219098062
0.000201569709786
3.72371028218e-05
3.85203854454e-05
0.000964638877326
0.000909026217689
0.000127915708697
9.79288545593e-05
6.85820908279e-07
0.000313823796513
3.26665867669e-05
0.000589408982867
0.000250951653917
2.40470757118e-05
6.93625348647e-05
0.0
0.000670460682828
5.15181510036e-05
9.10709370162e-05
2.80948455224e-06
0.000137745919169
1.8508824878e-05
3.82170923442e-05
0.0
6.78215551885e-05
2.05691888487e-06
0.000110237068334
0.000489222974295
9.46389696985e-05
0.000160098645369
0.000196192041859
0.000240265771042
0.000105241509981
3.2720557805e-05
0.0
9.97294615479e-05
5.97423405455e-05
1.20600745666e-06
2.08160191149e-05
0.000112715124017
0.00023979234473
5.85037866532e-05
0.000698012615545
1.9256261901e-08
5.2219856591e-05
0.00057927415969
1.24540996677e-05
5.83175788716e-05
7.98758413136e-06
0.00102784166837
0.000119696752565
8.29616501335e-05
4.47656325051e-08
2.8761629514e-06
9.0090268476e-07
0.00020864698507
3.28398958303e-05
9.05841589502e-05
2.63008749452e-05
0.000234099551852
0.000310115859581
0.0
0.000205427798048
3.69208636967e-05
8.42404273526e-05
1.4154779761e-09
0.000109227897701
4.08863211502e-05
2.28747462801e-05
0.000138535358071
1.38773460766e-05
2.20275334549e-07
0.000222149177711
0.000134844255226
3.64548247966e-05
3.23871827701e-05
5.55093843064e-05
3.46228827067e-05
2.39028971855e-05
0.000618414680914
1.67469076274e-05
7.78573182479e-06
0.00122178136793
0.0
0.000248807066676
0.000431812976756
8.16314475094e-06
1.32039289922e-05
0.000195341799229
0.00022440420978
5.76043204221e-05
4.57871126383e-05
0.00154326646122
7.40490798554e-07
2.9014142923e-05
5.21808848543e-05
0.000132935648814
6.04694016961e-05
0.0001742666722
5.04682032845e-05
3.68221006174e-05
