-3.48875718034
-3.07799092754
-5.29871015265
-5.82823724282
-5.70940787905
-3.51849384679
-4.49041889193
-4.22130379907
-4.25289073439
-5.45874055166
-3.66540445695
-8.13951696999
-7.31271916631
-3.91078001407
-2.59547221378
-3.72761366423
-4.15167919363
-2.12540393511
-5.4066161186
-4.48953161705
-3.32608560928
-3.64719920084
-3.7687143715
-3.05765689752
-3.14703654468
-3.24738775642
-4.72059821352
-3.68509363457
-4.38375047049
-3.50851490298
-3.7380557889
-3.07360216478
-4.06748846973
-6.77544332931
-3.08221281725
-3.09425700033
-3.87295695495
-4.93621040877
-5.20417487012
-3.75890827241
-8.11966845995
-4.19038347315
