0.0200591536707
0.0452028502492
0.00367824959414
0.00276174612734
0.00512886587745
0.0334473604207
0.0131119021728
0.0177527023899
0.0126144447031
0.00943333370427
0.0293462104528
0.0230385299487
0.0240178666172
0.062041533483
0.0948150228437
0.0246751884333
0.0684998087493
0.0129679732092
0.0380499657203
0.0359090043638
0.027672819385
0.036843474759
0.0304154837231
0.0304600277837
0.00701265977736
0.0213077004373
0.0050057730163
0.0269599149767
0.020667459144
0.0409260953027
0.00780085848859
0.00479116429111
0.0316558101669
0.0286086558935
0.0240529191892
0.00695738186892
0.00739553201622
0.0426901743202
0.0222243827294
