0.0298768634074
0.0341113817634
0.0151898829124
0.00373556096187
0.0120754734358
0.0309202000189
0.0195122897899
0.0174202192593
0.0197102434449
0.00855691087242
0.0249367838731
0.000375391881262
0.00497875970727
0.0252452185866
0.0393433613972
0.112312102403
0.020542035845
0.0310293559164
0.00933110831272
0.0157331593893
0.0385552031446
0.0302135380574
0.0259634261091
0.0317226664067
0.0352430577789
0.0279955213113
0.00923564498307
0.0266615565823
0.00809061040207
0.021510569573
0.0223238084745
0.0322069376077
0.0200439077068
0.0370027164612
0.00286291565298
0.0279509746368
0.0314293712168
0.0262311536466
0.0194155149049
0.00487854723636
0.0254209307807
0.000912581821722
0.0191925423258
