0.0267109186937
0.0289226421222
0.0133124691226
0.00495259094076
0.00753713610483
0.0270804757546
0.0191498101871
0.0186098158276
0.0179017294188
0.0130412372334
0.0239654957975
0.000472430678993
0.015622688473
0.0210818492364
0.0415526655861
0.163186715313
0.0202302314144
0.0392392886912
0.0194881575911
0.013673914862
0.0392328998085
0.025967762394
0.0227360183038
0.0293703931936
0.0309437606962
0.0282385575424
0.00976816461867
0.0209127230467
0.00959409276345
0.0163409874066
0.0181951656399
0.0360256232
0.0214217439507
0.00165487841887
0.0264209961355
0.0351541425312
0.0209356435591
0.0210106311288
0.00817072282177
0.0193746320558
0.000903218308283
0.0218949794268
