-3.43944185608
-3.48282930397
-4.8831186891
-5.51623260912
-5.40614147804
-3.31308929068
-4.37909441654
-4.32720738723
-4.2004911085
-4.36083520851
-3.40240013885
-6.74673440703
-7.33090268826
-3.84727831159
-3.66867537628
-4.12565442886
-3.64124485778
-5.22955636474
-4.22130273802
-3.05969227772
-3.29748608092
-3.3752497866
-2.78045401226
-2.97873841525
-3.02160537067
-4.33843995855
-3.11158561772
-4.15176855558
-3.20918592011
-3.48547459335
-2.93264131927
-3.97740780693
-6.39116400061
-3.18005317244
-3.21135214684
-3.39989589431
-4.49427135321
-5.10877505915
-3.27553002041
-6.6665579181
-4.04047442311
