-3.41833476988
-3.18503303525
-5.22632139775
-5.9034233298
-5.159323596
-3.99779285108
-4.35557853688
-4.29567957379
-4.31224014871
-5.47309870074
-3.68242280923
-8.85744971644
-8.44754588256
-4.19063661876
-3.05523503035
-4.14964610023
-5.14122530352
-2.36037972137
-5.7746887241
-4.10505941098
-3.5047348025
-3.87850868147
-3.90224959385
-3.0668820016
-3.47343205678
-3.43230087156
-4.34579442434
-3.6656880688
-4.60759879772
-3.42157279571
-3.73336928761
-3.32159169943
-4.09773075792
-2.32322798544
-6.16694243022
-2.84314298262
-2.95185102188
-3.61519619373
-4.68549993585
-5.43224552116
-3.90054772175
-8.53043298343
-4.12794951724
