0.0224177057404
0.0193889391833
0.00323869570558
0.00237993986563
0.0104980665505
0.0232110049957
0.0160327339876
0.0152164883107
0.0118573884445
0.0111985938226
0.0202742838944
0.000864858545413
0.0151277163772
0.0256652377606
0.0439595007798
0.26390566828
0.0137900795425
0.0348711181489
0.0133834142481
0.0123187684462
0.0212828073533
0.0215329408417
0.0204669624481
0.0268776047245
0.019110363947
0.0259216867826
0.0170835291238
0.0274284075984
0.00546039208823
0.0155270909366
0.0217650620909
0.0280149498492
0.00823582517859
0.0401027555598
0.00277549671905
0.0154296854628
0.0235943391495
0.0155627332875
0.00645885108447
0.00363775210657
0.0364887571175
0.00104943463359
0.0165923692869
