-3.71469838927
-3.39685336428
-6.10222461692
-6.57231141797
-4.73162312368
-3.71196094771
-4.74597268749
-4.43998347658
-4.73739130105
-4.97785942617
-3.60854548437
-8.23223958731
-9.96306099029
-3.52332796618
-3.24379103174
-5.04252380739
-4.29011334867
-2.22699297046
-6.20658813907
-4.77095362982
-3.60810703255
-3.67634996746
-3.57035584201
-2.94343521421
-3.37825300604
-3.35295621388
-4.62151518532
-3.22300784914
-4.93030772011
-3.41449014412
-3.70970047203
-3.09384523084
-4.61891901284
-2.1838720638
-6.60231862046
-3.29745122892
-3.42102419739
-3.84892868693
-5.36227621442
-5.76456437728
-3.39883315252
-7.50327458517
-4.12203447852
