-3.64658464977
-3.32232512308
-5.1241646708
-5.51005065054
-4.62445736778
-3.60897954385
-3.87413775111
-3.61826171443
-3.96532841912
-5.0029262092
-3.46306474831
-3.63942491345
-3.10725274892
-4.44892927136
-4.17122818219
-2.96602016943
-5.82711334447
-4.03462769922
-3.39427611464
-3.3961084854
-3.34326239616
-3.27602994614
-3.53924994256
-3.23072790788
-3.93773970913
-3.39873388203
-4.24252835793
-3.57275602389
-3.60638961493
-3.2376774116
-4.03702799314
-2.95189307747
-5.62402898786
-3.34753844961
-3.27548414476
-3.70006180026
-4.64657811223
-5.03731860689
-3.61045224357
-6.36115431788
-3.52166680823
