-3.66313030205
-2.96718955604
-6.13808824763
-6.57741065449
-5.93466191343
-3.7749995974
-4.28107471255
-4.40952259006
-4.59166433939
-5.17635529429
-3.56165544971
-8.08513516183
-7.04671703758
-3.59460113342
-2.5825802122
-3.29726447629
-3.94449954475
-2.1583751114
-4.56655459274
-4.71420069364
-3.31605980747
-3.68069015153
-3.69526210765
-2.98347220273
-3.2555596161
-3.25675570314
-4.99418538091
-3.3293195378
-5.05912079249
-3.50350277367
-4.0588307682
-3.24885435583
-4.68633153777
-5.33974834319
-3.01879054841
-3.47696815781
-3.61400865273
-5.42531830826
-5.86709077199
-3.40323050529
-7.85494414452
-4.05204168605
