0.0271584142337
0.0341621653147
0.0110027253403
0.00475704335881
0.00791278310543
0.020396094568
0.0273928913013
0.0405444589501
0.0327598539056
0.00801451747423
0.0228463129971
0.00021197727355
0.00285808018768
0.0178455039328
0.0334251672137
0.0812112475498
0.00916766061494
0.0496164053044
0.0151545173752
0.0161575276959
0.029288319319
0.0226928070727
0.0309311761316
0.0351087470737
0.0245053387865
0.0260765651897
0.0160373469262
0.0244137674416
0.0139814470891
0.0252499573534
0.0230608763764
0.0298508671729
0.0199634927425
0.0548166645162
0.00464610475096
0.0315792041524
0.0422116073687
0.0247411170929
0.013775244626
0.0066436000439
0.0185300516854
0.000597008610795
0.01870334078
