-3.618284663
-3.0696244191
-5.6919315229
-6.386032019
-4.74129539093
-3.84146612461
-4.78850452343
-4.63490874579
-4.77114107438
-5.95676863208
-3.87761131219
-8.69483772918
-8.16421670727
-3.72727099174
-2.74582752984
-4.19884191004
-4.33915741191
-2.2337186261
-5.3382470852
-4.84366735759
-3.45487934195
-3.77355568068
-3.8605868703
-3.23920283593
-3.10464323035
-3.42042248619
-5.08177265678
-3.55548911548
-4.94178087421
-3.39069053446
-3.75562724001
-3.18254066203
-4.57197772383
-2.19419878059
-7.22877636342
-3.04067336334
-3.27970120219
-3.91108787748
-5.24666486905
-5.88665127122
-3.74597617505
-8.24338481282
-4.38948180232
