0.0142501742788
0.0160803307517
0.00347757223992
0.00300182367798
0.00253628398135
0.0144065913347
0.0121944031139
0.0129650762008
0.00837087688801
0.00722194577357
0.0164248375207
0.000225003501787
0.0314174984632
0.0171468802687
0.112194474652
0.358518383377
0.0121615427311
0.0272554280837
0.0079682382001
0.0175388361233
0.0184349677647
0.0197893971987
0.0232636234666
0.0214005972292
0.0237986963176
0.0148989956946
0.0194319071471
0.00614129942018
0.0125149896545
0.0232572097032
0.023089342511
0.00731793008738
0.00240660163012
0.0149351256437
0.0176151366376
0.0119919121012
0.00522329578313
0.00222046361048
0.0223913932772
0.000708735762446
0.0138121781966
