0.030963885241
0.0326565706218
0.00951868748271
0.00485223715493
0.00850451590108
0.0237071261001
0.0235913991651
0.037070344674
0.0253804123632
0.00821940657531
0.0222645825149
0.000264426745381
0.00209545752505
0.0200506371372
0.0363959938525
0.0844530351173
0.0107957394054
0.0516866688683
0.0181945736562
0.0183849842882
0.0288540957518
0.0250719427493
0.0243504056281
0.0338738651387
0.025496087692
0.0289053087474
0.0163905691727
0.0222731886131
0.0107093122977
0.0208098612943
0.0269651950054
0.0252816764674
0.0168136372383
0.060735661416
0.00534738590897
0.0300482083079
0.0361850327441
0.0274465848205
0.0164397758717
0.00720923067903
0.0220601381241
0.0006049702659
0.0190771816759
