-3.60911539951
-2.99122299782
-6.21387816288
-6.76157963386
-5.91224113252
-3.75961676678
-4.26154485576
-4.39420270881
-4.51360655301
-5.19068896675
-3.53420384704
-8.05407495541
-6.67977367392
-3.5362062929
-2.61006198291
-3.16681855185
-3.90349523308
-2.13322910281
-4.59935297594
-4.7403059653
-3.32216258963
-3.74378167629
-3.70282539476
-3.00320330261
-3.26122796246
-3.29935794951
-5.03830250531
-3.44499027456
-5.07791756867
-3.50376583586
-4.05774343737
-3.29785558046
-4.72611991186
-5.2867011142
-3.01605018119
-3.44512171121
-3.60892619729
-5.54317597987
-5.91425908738
-3.42768931273
-7.8766120684
-4.0162516995
