0.000190593150869
0.00101887359037
0.00141525669338
0.00073190484295
0.00013633922596
0.000136783304331
0.00103848144561
0.0
3.69021227083e-05
6.5916382811e-05
4.81909821345e-06
0.000309287898403
0.000193529772761
1.40717492953e-05
0.000329049146652
7.72873996916e-05
0.000734228907288
0.000112247199575
2.36392272865e-05
3.89069320244e-05
0.000278251408055
4.49783811591e-06
3.40754805666e-05
5.65748050557e-06
0.0
4.83337266603e-05
0.0
7.79134680212e-05
2.94761715146e-05
9.42765971457e-05
4.91087918345e-05
0.000160674255113
5.39544445044e-05
5.60309657897e-05
2.12155518959e-05
0.000382790711382
0.000378905465641
0.0
6.70641154335e-05
6.81440874464e-06
5.44885870945e-05
2.77604602519e-06
6.10150633539e-05
0.00128988996517
0.000503105827119
0.00181348105923
0.0037909940918
0.00179628485976
0.000246004360109
5.14503697699e-05
7.5467152281e-05
6.68125514277e-05
0.000270811260417
0.0
3.91927101175e-05
5.17121872493e-05
0.000248598863994
3.10189043877e-05
0.000138041021932
0.000279341649161
5.10960752654e-05
0.000117369914281
6.32230629564e-05
5.84295426197e-05
0.0
2.27870255533e-05
3.2916838183e-05
0.000256621335769
3.79954543362e-05
8.77225624014e-05
3.9201154604e-06
3.72295273275e-05
4.00081164596e-05
0.0
3.39608147749e-05
0.000123315617522
0.000119636326812
0.000165488278147
4.93753425079e-05
0.000150147172791
0.000159759948743
4.16004255701e-06
0.000252837921874
5.80902016197e-07
6.56151926945e-05
6.33229089288e-06
1.41437012639e-06
0.0
4.11556207915e-05
2.99619461887e-05
7.15916771126e-05
2.82874025278e-05
0.000100862678366
0.00051584777304
0.000140932514779
0.000151728292975
0.000119778074341
5.41988726323e-05
6.14173038186e-05
0.0
5.40654387024e-05
2.12155518959e-05
2.93696068948e-05
7.66401123705e-05
3.58610361378e-05
0.000245643968934
0.000170710031254
0.0
0.0
3.04170291887e-05
0.000125745123731
0.000186837310653
6.80121893603e-05
7.49696889336e-05
0.000101199492956
3.4946061501e-05
4.97881611384e-05
2.20315346611e-05
7.72324890013e-05
7.22186647214e-05
3.17140179723e-05
0.000204362573044
0.000119830048995
2.22717373799e-06
3.87437448441e-05
3.73279734823e-05
3.3567472581e-05
0.0
1.92868653599e-07
0.0
0.000124961015982
0.000196935035711
3.03830850932e-05
0.000170590419412
0.0001603296175
7.42817946476e-05
0.000123034972141
3.35379818947e-05
0.000487537841376
7.2858790256e-05
0.0045827331081
0.0
6.11970961762e-05
2.99996260847e-05
7.54181994133e-05
0.000109290856858
0.0
0.000441813716198
4.83087812339e-05
6.60357547514e-05
8.12103893107e-05
7.93644753527e-05
2.85412638326e-05
6.15538408271e-05
0.000491002068077
0.000114719491631
1.43326656938e-05
5.09575831886e-05
0.0
2.78568331069e-05
6.73141544336e-05
0.0
2.26299220223e-05
2.25731525791e-05
6.21430063839e-06
1.45053299894e-05
1.94092987845e-05
2.19732501779e-05
2.67540179658e-05
0.000279743312831
8.10265123056e-05
0.00016864959432
0.000182806002317
0.000113739516753
0.000179258393349
0.0
0.00688957389664
2.15531679533e-07
3.00807531386e-05
0.000107153301219
0.000111388124758
0.000124165308835
0.000151601949836
1.01026437599e-07
0.000208547836676
0.000104514787155
0.0
4.846280306e-05
3.80987873699e-05
4.4968631812e-05
0.000343946287826
6.72520699199e-05
0.000287969001877
5.5422026898e-09
9.65402433034e-05
6.10982980108e-05
0.00028629437774
0.00167539714127
0.000108438738961
0.0
2.24398620429e-05
7.97542579626e-05
2.34571951151e-05
2.12155518959e-06
8.23448343266e-05
2.73043375774e-05
0.000110335005986
0.000115549480971
1.52585813457e-05
7.03633772185e-05
5.58900173885e-05
3.91671727309e-05
0.000189646429163
0.000306343398269
0.00142052379645
6.91469923376e-05
0.000165365492058
0.000180118566927
0.000108499929162
0.000510000964947
1.75698152347e-07
4.93287842212e-05
0.0
6.31976314122e-05
2.76886261892e-05
4.94402421611e-05
0.000220208998326
3.2766411157e-05
4.73394910927e-05
0.00012864822169
5.33307789737e-05
5.63580005325e-06
0.000170940833487
8.74922060499e-05
1.62972789656e-05
0.000101907764366
0.00135044387938
0.000131127867825
2.12524485079e-05
0.000172337449084
2.13416836822e-05
0.000441451703366
0.000102781516365
0.000110957528763
8.65095318895e-05
3.8145021656e-05
0.000117346243615
0.000135270141902
0.000193722043018
3.49189517864e-05
2.24503194665e-07
6.66200474306e-06
4.83885236829e-05
9.90243514883e-05
0.000907022728465
1.01753012451e-06
0.000372221795524
2.60479831611e-05
8.10391868888e-05
2.88253817333e-05
4.71715750945e-05
0.000153906730602
0.000336152238322
4.99127786517e-06
0.00137692609184
3.97711114038e-05
4.28806167652e-05
5.91616192054e-05
5.93678889187e-05
2.38693085582e-05
0.000185554526067
0.000190103460266
0.00014842942964
0.000112504503792
3.01366451572e-05
0.000468781805438
0.00013977541585
4.22637561536e-05
1.21231725119e-06
9.39791346219e-05
3.62781591243e-05
2.12664437745e-05
0.0
2.98478382905e-05
0.0
0.0
0.0001992718583
0.000140070661811
0.00046064281393
0.000159245116412
9.32375464622e-05
0.000570781607995
3.04517359285e-05
3.53770195769e-05
1.35312703307e-07
3.82798356286e-05
6.40052751926e-05
0.00042504285992
0.0
0.000209094748723
2.72884207293e-05
0.000115997348319
2.12808082073e-05
0.0
6.75220088368e-05
0.000229449258789
0.0
1.61642300159e-06
4.09231356423e-05
0.00309327921734
3.18233278438e-05
0.000146695097614
3.88951784758e-05
8.63788565908e-05
5.55538872217e-05
6.3929539782e-05
9.17188699862e-05
8.57252672695e-05
3.88350048667e-05
0.000143998870262
0.00017282708058
3.72730306215e-05
0.000577776020184
2.62986004495e-05
1.29846740626e-05
2.38643967368e-05
7.96870998853e-05
9.51128604944e-05
3.06122038183e-05
0.0
0.0
0.00015699204418
7.27693430029e-05
8.33200365814e-05
6.39113773691e-05
0.000188205401182
4.68625675049e-05
0.000506927698699
4.0164336504e-05
3.53592531598e-06
0.000218030206909
5.04145269178e-05
7.5810808319e-05
0.0
8.12305336406e-05
0.000296765249711
2.2852180185e-05
3.92914351172e-05
0.0
9.070010195e-05
0.000153457761941
0.000303233903263
7.62129222478e-05
9.11929966929e-05
0.000298553248735
5.23363388205e-05
0.000112283483388
0.000196605944648
3.21487615393e-05
0.000149499262373
0.000709189081518
8.71908926171e-05
0.000163150330497
8.95505331581e-05
0.000121122255925
4.87616353516e-06
0.000134334760711
6.79975656594e-06
0.000110316392587
0.000135505148996
0.000136297223367
9.35847945647e-05
9.34905704547e-05
0.000139517083101
4.86481663419e-05
5.02481631736e-05
9.78972937069e-05
1.18736588611e-05
5.79862723582e-05
5.19518488256e-05
5.02045918693e-05
0.000185374612712
5.36473987179e-05
0.0
5.26803009779e-05
0.00011400813278
0.00010317896799
7.78256929212e-05
0.000165575853425
1.12574387811e-05
0.000107808125831
3.04598544965e-05
3.73963971544e-05
7.41728702647e-06
7.13150549232e-05
0.000100082012699
2.00651828014e-05
2.34150899728e-06
5.3597183737e-06
0.000176353549463
5.90178080013e-05
8.74855335427e-05
0.000193089961905
0.000161289172854
7.22304698833e-05
0.000161058490793
4.47180916629e-05
8.58730667821e-05
0.000136147670927
5.00325195928e-05
3.17855984082e-05
2.06028224451e-05
0.0
0.000282637582208
0.0
9.8592921652e-05
6.09156802497e-05
2.0982413963e-06
5.46043939059e-05
0.000475121568078
0.000335703100948
2.96913728739e-05
8.32535628646e-05
0.0
0.00100296216209
0.000496520943012
0.000115066680626
6.14894370532e-06
7.44426864314e-05
2.97354481334e-05
0.000407159149173
0.000828359800236
0.000152675368855
0.0
4.47691546782e-05
0.000444849471031
0.000148198096814
9.04129856175e-05
2.12155518959e-06
0.000324362507567
4.54618969198e-06
0.000127339838634
0.000218952063483
4.37118953454e-05
0.000108868073556
0.000113946982804
0.000400813925785
0.000292217825641
6.84248689902e-05
7.46488553492e-05
0.000158156219908
0.000213621195064
0.0
0.000250049460952
0.000129463358209
2.67734288714e-05
0.000181207638876
6.29776968441e-05
8.10341077616e-05
6.75134159856e-05
0.000213085947881
0.000178154906184
0.000379183383778
0.0
7.22041774639e-06
0.000121179920271
9.95235501214e-05
0.000274625123715
2.48211627328e-05
6.74656488162e-07
0.00093567880409
2.96077797028e-06
6.47062857574e-05
8.1315301133e-06
7.41544378053e-05
2.3434171702e-05
1.92326604442e-05
5.47586065672e-05
2.30168932298e-05
0.000571573518509
8.75665730045e-05
4.52575971321e-05
0.000161244671423
6.51059339564e-05
0.000433020154863
0.000179875640564
1.71093160451e-07
0.000109952502613
6.596387591e-05
2.14996968638e-05
6.29032914593e-05
0.000126594325134
1.86130235753e-05
0.000375426513762
0.000150398795767
0.000282570039586
4.60100131179e-05
0.00013877706721
6.56641693378e-05
2.35116072959e-05
0.000146314693842
9.80592992314e-05
0.00026828258979
6.09491064956e-05
1.23995043225e-08
5.86028635736e-05
2.42343656044e-05
0.000338401234665
0.000114699957511
2.65804951841e-05
8.41774607625e-05
0.0
2.25150983142e-05
0.000191338544694
2.12155518959e-06
5.27231721222e-06
0.000157953296572
7.88790595171e-05
0.000172857581118
0.000454716556954
0.000424441188412
7.57698281996e-07
6.00933120204e-07
3.27476510567e-05
3.94967977735e-05
2.47329236444e-05
1.44501662855e-05
0.000264906653564
0.000105133535463
5.99235491195e-05
1.24797364093e-06
0.000108287778041
0.0
3.71543289416e-06
7.27785037673e-05
4.82171633997e-06
2.52716957657e-05
8.63007576529e-05
1.60723877999e-07
0.000358276945681
2.97712098784e-05
0.000121775536356
4.66850632453e-05
0.000147192816782
3.82428694465e-05
6.65282661823e-05
0.000162410547188
1.36949966668e-05
2.12155518959e-06
0.000482522274612
4.4159146137e-05
0.00140807672056
0.000516178918013
0.000112959144702
6.28848696348e-05
0.000599333908605
6.94001362673e-05
1.20841427956e-06
4.39350299097e-06
2.79390717899e-05
0.000141611729019
7.46574679822e-05
0.000167182184964
0.000125784429498
3.02788748553e-05
0.000206875815509
9.18141214812e-06
1.58019283087e-05
3.53592531598e-06
1.18200931991e-05
0.000358531704236
5.81006778087e-05
0.000872555932548
2.88372031611e-06
5.09774307575e-05
0.000170035294707
2.24487490149e-05
9.65530346526e-05
0.000762847552096
0.000143919077259
6.04826408837e-07
9.12524025157e-05
0.000192684786343
0.000432329992454
3.81231839998e-07
0.0
3.53592531598e-06
5.30130781809e-05
6.88744603407e-05
0.000169971839568
5.67125683797e-06
1.66959199559e-06
3.96130146347e-05
0.000322316218726
0.000142128623557
0.000165049214407
7.54450705652e-05
0.000140586264394
3.35875558889e-05
0.000181642352227
8.56315627622e-05
9.01441976395e-05
7.57698281996e-07
4.44152515132e-05
5.17120683844e-05
5.03546909227e-05
0.000127569738351
3.7581834787e-05
3.23340569949e-05
7.37363345592e-05
0.000211497053404
3.20149933577e-05
0.000582617567631
6.16937087768e-05
0.000227618184957
4.89408175728e-05
7.93945494837e-08
0.000201586652848
6.52786212181e-08
1.0903352799e-05
5.35051016759e-05
0.000144486118285
0.00498413208167
0.000278279815836
4.71298271391e-05
0.000809075062672
5.86275487002e-05
0.000458452499944
0.00132109625415
5.14586969252e-05
2.20727459119e-05
1.10930990305e-06
3.81879934126e-05
0.000169811576801
0.0
0.000198434772224
3.71366331891e-05
7.24757963644e-05
0.00118037677091
0.000120912074141
0.00424434398658
1.57878919634e-05
0.000102493695749
0.000318557495025
0.00157584287877
0.000120561817191
0.000177322919341
0.000112781523707
7.49208036889e-05
0.000356689524077
3.60089440521e-05
2.27585011247e-05
0.000101413361572
2.22410271472e-05
0.000559710729919
0.000458608282776
0.000149155287378
2.93355609534e-05
1.3038372138e-06
5.7509422949e-05
2.3302913522e-05
0.000226094060868
0.00020723694994
0.00015976673186
0.000109401240262
0.0
0.0
0.000849260829474
0.00026949611798
0.000145432920243
0.00048392661291
8.55964433257e-05
2.4236207933e-05
8.70287637101e-05
0.000109411754479
7.70692531904e-05
4.38829228016e-05
0.0
0.0
6.23472666008e-05
0.0
3.9602363539e-05
7.4458312684e-07
5.5829603529e-05
0.0
5.22059782338e-05
3.94707942249e-07
0.00233491869987
1.66469466373e-06
0.000155889299498
6.98036102054e-06
1.91513975026e-05
2.27300910118e-06
1.24067554947e-07
4.77353770267e-05
1.27142846468e-05
7.93608454088e-05
2.23234253247e-05
0.000121421240183
3.14282316673e-05
9.12320408859e-05
9.68030992953e-05
0.000115891902784
0.000172590737932
0.000184182617694
0.00019759053955
8.02068544191e-05
6.9518358911e-05
0.000148519378105
0.000525806110816
0.000376381969201
3.39572142592e-05
0.0
8.66714101536e-05
8.35224390123e-05
4.71456708798e-07
4.42679481118e-05
4.24410314714e-05
0.000263691487002
0.000455290529755
0.000445606819196
3.1857138751e-05
0.00147452922057
4.65123293943e-05
0.00351963455052
0.000398399267004
3.93591463764e-05
1.41437012639e-06
0.000159608585378
9.80419010394e-05
5.74047825367e-08
0.000597917389293
0.000567479783844
0.000100165368876
0.000134139986634
7.11876315967e-05
1.07875687606e-05
4.04619087768e-05
0.000432811719948
0.000103875131142
4.74302521036e-05
0.00024996556521
5.01789848977e-05
0.000100127994873
0.000240673034457
0.000214752136976
0.0
9.13798821176e-05
5.17781151265e-05
2.0591590284e-05
0.000317571386265
8.83809541096e-05
0.00030375326824
0.0
4.81749582917e-05
0.00140785710817
8.0694523904e-05
0.000342741016724
0.000326139901633
0.000343410259386
5.22638206972e-05
3.42070322857e-05
4.33450044888e-05
0.0
0.000113509270285
2.12808082073e-05
8.9477781282e-05
1.41437012639e-05
0.0
0.000550191937802
0.000255252938122
0.00178995351897
0.0
0.00130205837358
3.15969168157e-05
0.0018712853114
5.2303073952e-05
2.36000487918e-05
0.00023110297158
3.50350513118e-05
6.82933173511e-05
0.00202358035167
3.06314984716e-05
0.00012758210227
0.000116360590559
3.42073015509e-05
0.000141205511821
0.000197951865496
5.30522713683e-05
2.12155518959e-05
0.000335504793993
9.83630133355e-06
5.82844832305e-06
2.39139692067e-05
0.000669277871373
2.56093738459e-05
0.000230281744706
0.000141593800802
6.06928778822e-05
5.65748050557e-06
4.12674326374e-05
0.000600715075182
3.64014206214e-05
0.000169188310301
1.36623701292e-05
0.0
1.44745650974e-05
7.25943991398e-05
3.097324718e-05
9.31362020139e-05
8.86903009877e-05
0.000551392973797
3.67368863998e-07
5.33603274957e-05
0.000561812397348
9.24479375793e-05
0.000101255380186
7.26132133325e-05
8.06677000302e-05
0.000164770884571
0.000113962377402
2.27536133869e-05
1.77392965226e-06
3.69619140461e-05
7.78468846074e-05
0.000127503670904
0.000586083709732
0.000125813229115
3.59654117854e-05
8.67908941195e-07
0.000173489903442
4.10194585352e-05
0.000396268420764
0.00021802420185
0.000357492298983
6.24743056777e-05
3.13890914015e-05
4.17784557676e-05
9.89245262633e-06
6.02015686444e-06
0.0
5.01072957407e-05
3.52031213926e-05
6.67212459187e-05
0.000140581370529
0.000282240173162
0.000233034045119
3.52984845085e-05
1.91669602446e-05
7.70721107006e-05
0.0
0.000141116664194
5.96396526284e-05
1.39909560731e-06
0.000333845263964
0.00153678992529
8.9071623891e-05
7.26876370314e-05
0.00113212765623
0.00100076727595
0.000244067036868
0.000235412977299
7.71837016117e-05
7.35291297692e-05
2.12155518959e-06
8.05667440637e-05
0.000106605802719
0.00019077805078
2.93895091198e-07
4.14718900092e-06
5.13060963238e-05
0.000291657766397
0.0001051650907
7.63707027848e-05
4.61484344812e-05
8.42131035095e-05
7.74238941061e-05
2.12155518959e-05
0.000194034193282
5.43477698157e-06
6.68808706251e-05
4.07328467307e-05
2.23435804173e-05
2.1616406617e-05
9.43031365714e-05
2.69734302809e-05
0.0001176766556
0.000210277919701
1.69724415167e-05
3.02188784399e-05
7.78586812566e-05
3.43514700745e-05
2.67790707497e-05
0.000139641116994
0.000147191186155
2.20315346611e-05
2.11450683348e-07
4.32530836152e-05
2.41772671178e-07
0.000103755457711
0.00044523007385
0.00040676123855
0.000163091612108
0.000163762935761
0.000186533586541
6.38475845393e-05
1.54999465906e-06
4.9460719291e-06
7.80758664491e-06
7.28130758468e-05
0.000117149571357
0.000155877863881
2.35003036385e-06
2.20315346611e-05
0.0
5.43985099278e-05
3.63528953068e-05
0.000317806933409
1.41437012639e-05
1.13149610111e-05
0.000133152007123
8.06085952763e-05
6.77546126325e-05
4.38283380701e-05
0.00060128302349
0.0
2.25425541706e-06
2.12155518959e-05
1.6278217082e-05
1.21080645165e-05
1.03032540443e-05
3.87590382837e-05
8.60917160451e-05
0.000113892704016
5.97398291148e-05
3.9503109495e-05
0.000107772960142
1.01026437599e-06
2.44794829568e-06
0.000113455033262
2.11935814914e-05
0.000114146390643
0.000108821690315
3.83041644671e-05
0.000131227576122
0.000110073204416
0.000105330124758
6.58566090101e-05
3.5656389741e-06
2.27842103071e-05
0.000207881838466
0.000110677356669
0.000443197367697
4.64950970589e-05
7.94633537165e-05
0.000107540106803
9.54237605222e-05
0.0
2.92869208174e-05
9.13238012251e-05
4.12551039553e-05
7.70665481405e-05
0.000100388500142
7.43110972548e-05
3.53592531598e-06
1.70046690201e-05
0.000352747559487
6.05317842891e-05
0.00011666388759
0.000847587156913
2.11963609851e-05
3.00102497113e-06
4.77950913111e-05
2.64774882136e-05
2.29568356915e-05
2.06397458377e-05
4.01763108367e-06
0.00127046496922
0.000230086309936
1.43585784024e-05
0.0
4.42228224641e-05
6.50843396073e-07
0.00231563861231
0.00113859517143
1.65151094219e-05
0.000179555151747
2.12155518959e-06
0.00018658347309
0.00012050267159
0.0001466724262
0.000103859746525
6.27885018429e-05
6.61543758847e-05
0.000303284792936
3.50012442453e-05
0.000311780353026
0.000321179704133
3.37812984914e-05
7.27144689371e-05
0.0
0.000186612345212
0.0
2.02052875199e-07
0.000106334127458
0.000257052053025
3.67056200183e-05
0.000309379210901
0.00041577724024
3.11556764664e-05
5.25342101224e-05
0.000546531466119
6.15967390836e-05
2.63002024644e-05
8.91325794967e-05
0.000146981486164
3.11407951649e-05
1.51539656399e-06
0.000110545533243
9.39867382323e-05
0.000139967521506
3.97744546702e-05
3.12641831204e-05
0.000778200771178
0.000216818675753
0.000149398574691
0.000100526512592
0.0
0.0
4.4494869697e-05
0.0
0.000135236387526
2.81981752638e-05
0.000114988660372
1.16637536441e-05
9.04214736685e-05
0.000589939699965
0.000183416978485
0.000128204900994
0.000187648515545
0.000129139447581
7.02965275944e-05
0.0
0.00025824708908
3.6066438223e-05
0.00079561229835
3.19063307855e-05
9.61370764976e-05
0.0043286515449
5.7827472197e-05
5.26994931363e-05
0.000230956127231
3.4622114695e-05
0.00038664913473
8.93707589826e-05
2.97485954096e-05
0.000530070076393
8.79232223543e-05
0.000893916095972
0.00011468449606
0.000406846422143
4.49361562233e-05
7.52735577616e-05
0.000126557534477
0.00015869904962
0.000139751840465
2.33137932922e-07
0.00154863145864
7.8150792063e-05
0.00352423178019
5.11185083302e-05
0.000145384102519
1.49921587402e-06
4.56248427869e-06
1.20534991067e-06
3.15155810212e-05
0.000922992023521
0.000123991937406
2.78133828458e-05
0.000144705224478
8.81964092435e-05
0.000134325782497
4.10894088102e-06
0.000117332987797
5.02231053989e-05
0.000253752792598
5.44308930916e-05
0.000195581715896
2.96988723737e-05
8.62109309762e-05
0.0
3.31548744944e-05
0.000143928535182
7.87547002196e-06
0.000156081793916
0.000380549080503
3.44973877786e-05
0.000326936631697
0.000365142299032
5.96950506084e-05
6.80413899947e-05
0.000270910343326
0.000136297385138
0.000453419885416
4.0711797249e-05
0.000102506484208
0.000157110243123
4.96887118822e-05
5.88701588987e-05
0.000170826106085
0.000110436093609
0.000130455866942
7.91859072807e-05
5.31329604491e-05
0.000103830180896
0.0
0.000223595524592
3.9848062399e-05
0.000415858834417
4.37865817992e-05
6.01749675855e-05
2.12155518959e-05
0.000585949577789
6.58200102096e-05
0.000324182443706
3.86422383233e-05
3.47638382388e-05
0.00052534027591
0.000141001996751
0.000335239125749
1.67356926932e-06
0.000339817101389
0.000172286545214
0.000568718034878
0.000130891674002
5.69463437674e-05
8.93808342486e-05
7.6547684889e-05
0.00011419364846
3.13145565955e-05
0.0
2.61107421068e-05
0.000111114146009
5.69665470444e-05
6.61778943726e-05
8.40286712737e-05
8.19327791111e-05
0.000247676379989
7.51138355245e-05
0.000131293924929
2.85928865252e-05
8.05483218537e-05
7.59535126316e-06
0.0001790723813
9.58124387139e-05
0.000145567137712
5.35995444304e-05
2.71994255075e-05
0.000100070203087
7.08523161708e-06
5.4524783373e-05
9.10285341271e-05
2.82874025278e-05
3.58909712524e-06
0.000137678195525
1.13879272119e-05
0.000250290938557
0.000885002559205
3.84912078126e-05
0.00050233870024
7.00604580237e-05
4.12177031299e-05
0.00146409584914
0.000193111723723
3.42297711595e-05
6.00000363324e-05
8.31321776413e-05
4.51879269195e-05
0.000146144402041
0.0
6.66432560857e-05
8.78041734095e-05
9.43567328966e-05
0.000192321479789
2.04981177737e-08
4.64738084659e-05
0.00012320807909
0.000139119297818
0.000221914576909
0.000183933012671
4.40783821585e-06
8.12283623245e-05
4.09884703288e-05
0.000127432566154
6.94471136019e-05
6.6369179531e-05
0.0001857987633
0.000126399429955
8.70716400329e-05
3.24001432468e-05
0.0
2.85980492686e-05
0.0
4.27055820126e-06
5.19776548794e-05
8.34238379898e-05
0.000136340808729
0.000173142154496
5.45874255996e-05
0.000152330481026
2.12155518959e-05
4.83491799809e-05
4.00454119589e-05
4.93989566203e-06
4.24311037918e-06
3.18303695159e-05
1.11660799452e-07
6.98539534346e-05
0.000261686486205
0.000162979100745
6.86200032421e-05
2.62751292559e-06
3.12576148435e-05
0.000180975323085
2.10156952476e-05
0.000199756543995
7.4753042835e-05
2.31225382132e-05
0.000130129263472
0.000239531157668
0.00029972101799
2.40616730412e-05
0.000179855313186
1.20521056386e-05
3.50672645084e-05
2.86406500911e-05
3.20985873361e-05
1.93992255178e-05
7.6264981137e-05
0.000569566198202
6.76506289598e-06
7.09996693333e-05
7.76129337027e-05
7.92105293929e-05
4.52164362657e-07
0.000296048877428
4.03095486022e-05
5.81940401272e-05
0.0
2.47178841259e-05
6.42897385411e-05
0.000563768198355
1.57144823424e-05
4.53877962262e-05
0.000519147361967
0.000153542517383
0.0
1.34169498156e-06
0.000133070963387
6.7112618845e-05
0.000121014939592
0.000238123387134
0.000241935155241
2.66769222579e-05
2.18464038702e-05
4.50369075653e-06
0.000268010971046
0.000116060670591
5.2749113546e-05
0.0
4.56248427868e-08
3.60728529672e-05
0.000397310580675
0.0
0.000605521238396
0.000108286534801
0.000139101554645
0.000127328320051
7.12160011719e-05
0.000234217000958
0.0
0.000368990196804
8.13262822676e-07
0.0
3.0828695474e-05
0.0
0.000355368119844
6.69339050954e-05
0.000191561562443
0.000101737929876
0.000192560905392
7.06297255108e-05
2.77697402812e-05
4.01763108367e-06
6.81387758411e-05
0.000295112287883
7.21489430378e-05
7.13660332408e-05
0.000454650404322
5.56736088387e-05
5.68942599239e-05
0.000372396067882
0.000325993642417
0.0
2.83184790481e-05
7.89372522659e-05
0.000100900446952
6.50652484047e-05
0.000580030474696
0.000336094587911
0.000197836297346
1.40124597842e-05
6.37853194255e-05
7.65208306679e-05
3.67436962773e-05
0.000108187743748
0.000187224519846
0.000245387423254
5.20543916939e-05
4.89387364558e-06
2.21826425806e-05
6.86088452097e-06
0.000144077077199
4.67484947997e-05
0.000159946436937
7.57698281996e-07
0.000127181185868
7.53656816618e-05
0.000275845163418
1.28579102399e-06
0.000107554134125
0.000419936928976
0.000175046356232
5.98624502478e-05
0.000210414933884
0.000170593457785
0.0
2.71962912327e-05
0.000102234773818
0.00024528124142
0.000118369145008
2.33266560747e-05
3.98982165867e-05
5.89320885997e-07
0.000112684102807
1.38663737882e-07
0.000702612650057
8.74944607239e-05
2.47740292251e-05
0.000600013526469
7.31844775477e-05
0.000324541469654
2.89658482518e-05
4.21444071445e-06
6.54504070634e-07
0.000735328473314
3.39673696558e-05
3.29113048641e-06
0.00028022613322
8.08276142596e-05
3.0762550249e-05
0.000117332974621
2.40967848405e-05
0.00303906179548
5.65748050557e-06
0.00013079711386
0.000156130715802
0.000141601287178
0.000113446201631
0.000269715334141
9.33278305621e-05
0.000149498439344
1.47700310712e-06
0.0014567328264
0.000348644443282
0.000208246490656
0.000213463519739
0.000190922465368
1.27202646624e-05
0.000149642639831
3.20140364595e-06
2.12155518959e-05
2.17487469832e-05
7.23049219052e-05
6.72198915503e-05
6.57090551375e-05
0.000173594952113
0.000142077347101
3.99511718933e-05
0.000276797038998
0.000119229448867
0.002353109356
8.25175224374e-05
3.80791957106e-06
1.78509792061e-05
0.0
3.15704345388e-05
5.6506819506e-05
5.50069777767e-05
0.000323605053569
6.41578795482e-05
0.00686229768799
1.95738722849e-05
0.000204415188913
0.000218155616094
3.27662412614e-05
4.2627704424e-05
1.22990856795e-06
0.000244085193696
2.45074175776e-05
1.01796946527e-05
0.000497336862833
0.000442844365565
0.000948437209952
2.76027541315e-05
0.000160285635717
0.000411116309539
0.000200156957023
0.0
0.000324069760662
0.000102748794971
6.05584471041e-05
5.93585096323e-05
6.28617579802e-05
0.0
0.000210070264272
3.72340910943e-05
1.66138066674e-05
2.81708335614e-05
4.84302912616e-05
2.09090551983e-05
0.0
3.18233278438e-05
1.73637314977e-05
5.91586122147e-05
0.000178225922901
0.000298904211485
4.66051096481e-05
1.86264043968e-05
3.85961029525e-05
1.31009319859e-05
8.9614053432e-05
2.50703378632e-06
7.24156929157e-05
3.64811783353e-05
2.71087607559e-06
3.99588156675e-05
0.000286738082047
0.000229191863061
3.38987622684e-05
1.90377696046e-05
0.000141068814486
3.94696583075e-05
9.73931854322e-05
9.34494547795e-06
5.07577656737e-05
9.38843595868e-05
1.24067554947e-07
3.28475251523e-05
5.5860497283e-05
0.000113399926706
1.01026437599e-06
3.32166854962e-06
0.000214734442245
2.38778956632e-06
6.53922507483e-05
0.000148521080643
0.00201616138353
4.48860260038e-05
2.39023349638e-05
0.000128768415858
0.000358396631533
7.74029777787e-05
7.73580622251e-05
0.000898900574474
3.86651082449e-05
2.35116072959e-05
0.000101375753992
8.26666419183e-05
3.68033275164e-06
0.000103945645212
6.99750586172e-05
0.000115720590023
7.32864894818e-05
7.57698281996e-07
0.000132023013077
0.000601028790944
0.000137272545477
9.96858806303e-06
1.94380321689e-05
4.12881784371e-06
7.91372078887e-06
6.67630127025e-05
0.000357615731606
9.21662725686e-05
3.7234424045e-05
0.000152446470668
7.54330734076e-06
1.89541387353e-05
4.73608208416e-05
0.000140219685514
0.000283209530077
0.000327513496087
6.22996365197e-06
0.0
0.0
7.78737898208e-05
0.000543484375149
0.0
0.000262150433722
3.66552257869e-05
0.000186065280557
5.97941163413e-05
0.000416584499134
1.92169854129e-06
4.22238469881e-05
3.24090113548e-05
6.06475601634e-05
7.83277025056e-05
3.11161427806e-05
8.90116908508e-08
0.000114502915957
0.000190897641493
0.000102363152657
3.65999287093e-06
0.0
2.93054187239e-05
0.000468692880911
2.14300504545e-05
3.72525804426e-05
0.000117987110536
7.69930404588e-06
2.52486602857e-05
0.00127207603074
2.41208273287e-05
9.49422988632e-05
8.97668622928e-05
0.0
0.000104307925853
3.26010359879e-05
0.000333775239821
4.19067721388e-05
0.000161449906134
0.0
2.19741315665e-06
0.000754293272746
0.00104261095108
0.000224624025994
0.000128965338915
0.0
0.00170712195238
7.16291084448e-06
0.000203955492728
3.34978984018e-05
0.000107805990143
0.00186449578397
1.84371264596e-05
0.000631638134328
0.00139327585675
0.000103916429107
6.56770250343e-05
0.00010858705048
1.68916203666e-05
0.00081527383746
0.000182692058284
7.10957160336e-05
0.0
0.0001430724899
0.000867702114696
0.000241100721226
1.98508087915e-06
5.94706161678e-05
5.89383419038e-05
6.61972128424e-05
1.12965925679e-06
0.0
3.77669426753e-05
0.0
1.52684590319e-05
2.24875665875e-05
1.88582683519e-06
5.7129918213e-05
0.000296832040195
7.07185063196e-06
0.000467443821035
0.000447249463905
5.35652601068e-05
4.01687005015e-06
0.000159516331861
0.000114331550262
0.000237038931442
3.6373671035e-05
0.0
5.18805042063e-05
7.3144879126e-05
8.43392862015e-05
8.74760853889e-05
0.000107268644915
0.000397837697829
0.0004456989752
0.000579668218997
4.71314399567e-05
6.59145913808e-05
0.000682477345593
0.000690097025037
7.99857220013e-05
0.00128429097077
0.000206756041918
0.00016197946447
1.62711991851e-05
0.000187420598287
0.000199917556089
6.6655757122e-05
0.000258299241518
1.21231725119e-05
0.00011201921547
4.03976452636e-05
8.04647797545e-05
1.73006703933e-06
0.000339607419945
2.26382758217e-05
9.72478097174e-05
8.83701913278e-05
1.79066209196e-05
0.0
2.82378628416e-05
3.41495028557e-05
8.79209810702e-05
0.000722318935028
0.0
0.00100666840354
0.00023485869579
2.97377968e-05
0.000137535894618
0.000216908739472
0.000146768179998
5.76295930906e-05
0.000850266161324
4.91559272707e-05
6.89582807456e-05
7.43206213706e-05
2.04899983895e-05
0.000429030059326
0.000192586169911
0.000292454990675
2.30453023686e-05
0.000259463080256
0.001180125783
0.000191495306174
7.65205233048e-05
4.76513045051e-05
0.000193584339511
2.3434171702e-05
2.91426702652e-05
9.86016101349e-05
0.000668068106328
0.000137261468089
2.84573548102e-05
7.8068179655e-05
1.98508087915e-06
2.47323942926e-05
0.000527405085785
1.92827262611e-05
0.000104258744178
0.000301663062903
0.00015912043352
1.8409938177e-05
3.18233278438e-05
0.00016429471985
2.8351692079e-05
6.16927323635e-05
8.83981328995e-07
8.72918352272e-05
3.14074924321e-05
0.000219494089501
8.39782262546e-06
0.000112673948309
4.43754792045e-05
3.9195943707e-05
0.000270840055756
2.52446299804e-05
5.13229952147e-05
0.000643237771593
2.82874025278e-07
0.000193571139982
0.000133561756756
0.000407180486078
2.3938295164e-05
0.000101552436222
0.000161168653773
0.000101804373246
2.5506180639e-05
5.74111284688e-05
3.02059413683e-05
9.6770554903e-05
0.000668591370508
9.9227979345e-06
0.000373311354926
0.000154574664432
3.75161322786e-05
0.0
2.67037279432e-05
3.35557140328e-05
0.00047420240463
0.0
0.00011406584849
6.90097660561e-05
0.000115390642868
3.08423937239e-05
0.000485782218997
0.000271033745831
0.000312725742719
3.39609863654e-05
3.16834304812e-05
5.23165638956e-06
0.00266055329767
2.32360806479e-05
5.87346216381e-05
5.98440035658e-05
0.000223493465877
6.24680139157e-06
4.8877589605e-05
0.00780012352774
0.0052384143041
0.0106182809703
0.0628294352503
0.00651545011949
0.0133967422586
0.00631622378986
3.03079312798e-06
2.82270219719e-05
5.41996350808e-05
2.68315480725e-06
0.000193334389314
3.55639646255e-05
0.000394835248374
4.13684242014e-05
7.90026997995e-05
0.000420141280548
0.0001770534164
7.59538686358e-05
8.9506013538e-05
0.00011832022003
1.69703202267e-07
0.000156099118408
0.000228151748458
6.06522774187e-05
5.00701476039e-05
0.000362482804239
0.00216014967506
0.000285628398247
0.0008372246087
3.53000088393e-05
2.82319091727e-05
2.87266479087e-05
4.04105750398e-06
5.4551378555e-05
0.000143114550549
5.49467251575e-05
1.95692857336e-05
0.000217896591316
0.000174784011417
0.000197561430034
0.00106479376217
0.000212723312523
0.000909003024978
3.40289050211e-05
2.86656475394e-05
0.0
0.000672471558104
0.000166645465316
0.000143990794413
2.92339144561e-05
0.000333429789672
0.00702100361925
0.000212160412748
0.000203724762101
3.27491727604e-05
0.000143577094897
3.844505949e-05
5.96171239636e-05
0.0
0.000162565683524
9.84014269837e-05
0.000255772778073
0.000502094925639
3.02322083781e-05
9.97761370247e-05
1.46677974288e-05
5.05026099057e-05
3.72939630095e-05
5.86320706941e-05
1.56437907919e-06
0.000354660037919
0.00355438713808
9.74043822646e-05
0.000106874900784
0.0
0.0
8.26289915945e-06
8.48622075835e-06
8.51785785264e-05
0.000206132470464
2.53902205235e-05
0.000575400190194
4.02849864879e-05
0.000119475057687
0.000811930744869
0.0
0.00012763082712
0.0
0.000447963061115
0.000128524172505
0.000105549671473
2.44236157781e-05
0.000105245133228
0.000178125504528
1.29240108905e-05
0.000126439678922
7.96549593984e-05
2.47514772119e-05
0.000139368594328
3.07471766607e-07
4.02268906078e-05
4.55392064557e-05
0.000129481520993
8.28228513002e-05
0.00015198224514
1.13595940095e-05
0.000105895046209
1.04480332902e-05
1.77781633256e-05
0.000301420880309
0.000101610107489
0.000175382481583
0.000208114091418
2.82874025278e-05
0.000125429463843
4.62686387892e-05
2.80595159598e-05
0.000330841364539
0.000175145833889
5.00666863135e-05
2.84153906598e-05
3.35591457262e-05
7.91461168649e-05
3.45110907529e-05
0.000265919187411
0.0
0.000110284735548
2.26299220223e-05
1.00624137294e-07
4.63792299737e-05
3.91293841987e-05
0.000161824366123
0.0165084729366
0.0
0.0
0.00033042514727
1.01026437599e-06
8.47916569057e-05
0.000260342869323
0.000399109578955
0.000182972753617
5.08187266327e-05
0.000141908582393
0.000116990629531
1.41437012639e-06
7.15851891767e-05
0.000253509974548
4.36401451255e-05
5.18065815458e-05
7.20042973436e-06
0.000577600724289
0.0
0.000107728266672
4.92973576369e-05
4.92633924818e-05
0.000195383546074
1.58128337112e-06
0.000109433928803
0.00049944217998
0.000527798448397
0.000358402690755
0.000273254502566
0.0
7.1166385683e-05
0.000447530372814
0.000309669962177
0.000146179201555
0.000349458203952
0.000411983827509
0.000365785681186
0.000546893498078
6.37159875566e-05
4.31724049751e-05
7.2551763579e-05
2.71404553245e-05
0.000186709276934
6.16861072637e-05
6.16730993016e-05
2.34312155589e-05
1.65009848079e-06
0.000107227090197
2.7915199863e-05
0.000238952798439
0.0
5.84255710281e-05
0.000308192446399
3.81594553584e-05
2.72771381519e-05
4.61278959157e-05
3.79010197638e-05
7.87546128477e-05
0.0
6.21214567529e-05
1.56528323036e-05
5.70808421197e-05
4.36687479913e-05
0.000103174311385
3.91909104113e-05
8.40673010893e-05
4.09277178012e-05
3.40356447528e-07
1.86183083386e-05
9.4741766987e-05
1.71093160451e-07
3.92763744986e-05
0.0
0.000164122194442
0.000200887567136
8.17458687393e-05
5.31718092629e-06
0.000133048289452
7.50652702201e-05
1.76796265799e-07
0.000164267969182
0.000967948674479
2.82642570468e-05
8.95161501717e-05
5.55343355634e-05
8.14945014409e-05
0.000271785621696
0.000166745601593
0.000311814707129
5.54016460287e-05
2.16724563944e-05
0.000391045246507
2.0392356352e-05
4.68295610045e-05
0.00411225331882
0.000247785665729
4.62884768638e-06
0.000102232499258
0.000459560797713
0.000364110902173
0.000450884951349
5.16917250242e-05
4.30089885874e-05
2.56435085442e-05
0.00143663314831
0.000294189529504
0.00012581031911
5.87068394559e-05
3.94780704067e-05
3.26363237126e-05
0.000121422543732
5.51512507077e-05
0.0
0.000188619485051
6.44371487538e-05
0.000158561384843
9.40418379895e-05
2.51523108509e-05
0.000286341005763
1.90923048534e-05
1.24286012768e-05
0.00152852303999
9.30102093986e-06
6.81814482326e-05
0.0
3.35267717867e-05
2.12155518959e-06
4.27523905341e-05
4.27030980468e-05
0.000455912648523
2.30195057499e-05
2.21178224938e-05
1.32436475471e-05
9.94871054799e-05
8.60074360294e-05
2.64532492835e-05
0.000670646447696
3.18233278438e-05
5.43554476765e-06
3.52762233346e-05
4.06535910447e-05
0.0086254529757
0.00614069916523
0.00837510359008
0.00531373270674
0.00470881333382
0.00549896880487
0.00140510804352
0.00513032655726
2.17712889782e-05
8.69226936811e-05
5.81521210492e-05
8.24116118036e-05
0.000473012270865
2.28048791591e-05
0.00156656077847
0.0
6.5313147199e-05
0.000654059807675
0.000169816377539
0.0
4.81992686136e-05
0.000554915104411
8.62598213003e-05
6.374377693e-05
0.000105755542957
0.000114765833578
0.00016439947139
7.27455141067e-05
0.000416444867531
0.000133192930418
0.000110615979661
2.82874025278e-06
0.0
1.36389720987e-05
3.64891235481e-05
0.000823593277295
2.12155518959e-06
8.52268081254e-05
3.31400889174e-05
5.68065214386e-05
1.51157124092e-05
0.0
1.54790870846e-05
0.0
1.28579102399e-06
2.19339159176e-05
2.79338099963e-05
0.000306809191724
8.34370299492e-05
0.00015502879215
0.000363354191731
0.000106086066471
1.63363320072e-05
0.0
0.000714845051773
0.000177528236202
6.61379473699e-05
2.90002730616e-05
1.45388339243e-05
2.56167906122e-05
1.27293311375e-05
0.000813727635279
8.8770923994e-05
2.97017726542e-05
0.0
0.000204036873956
0.000107110691851
0.000184513875799
4.99083488371e-05
0.0
7.59249418621e-05
0.000128168341562
0.0
3.27325657822e-05
1.60494272459e-05
0.000137738748191
9.5374340137e-05
0.0
2.61130116726e-06
1.34701916799e-06
0.000107696245443
9.48239865821e-05
0.0
6.39497308831e-05
0.000494637815797
3.32188123314e-05
4.66751276107e-05
0.000390219168833
0.000121944639105
6.0662662222e-05
0.000190070856662
0.000162161512042
0.00013321837661
1.62005589305e-05
0.000278133770361
0.0
1.62565946988e-05
7.82151394567e-05
6.91958393214e-05
6.28237948538e-05
7.0418114023e-05
8.67705637535e-05
0.000103674051508
0.000299262573721
0.000655002202429
0.0
5.91186093417e-05
2.47933103707e-05
0.00105959700947
3.63890342421e-05
7.95330960876e-05
0.000179368097319
0.000141221087967
0.000107195279549
0.000128773555948
0.0
0.0
0.000124899641425
5.09993806527e-05
9.28062404543e-05
1.72576926346e-05
6.46070855857e-05
0.000104046706853
0.000137829839875
5.87057035005e-05
7.05065570476e-05
0.000181574578988
4.70014661334e-05
0.0
0.000117913163768
8.08381595671e-05
0.0
7.83247916164e-05
0.00100168325431
4.76021300256e-05
0.000177564094657
7.52664982944e-05
1.81273573829e-05
0.000264254847262
0.0010818148056
0.000114527026245
3.33609519674e-05
3.79785702377e-05
0.000193047120402
0.000191025734013
0.000154083609866
3.54979168977e-05
4.52417926629e-05
0.0
8.08211500796e-07
3.3372399887e-05
0.000306110554552
3.43207683964e-05
0.000190115584611
0.000169787957897
0.000173104887849
0.000215442378411
0.0
4.88465101952e-05
6.57017529854e-05
9.09237938395e-06
2.10596984384e-05
3.15707075627e-05
0.000839616167839
5.58304761793e-05
0.000256456669959
9.18082267624e-05
0.000139169396558
8.75727849733e-05
0.00013843853298
6.98760044603e-05
4.12082597436e-06
1.76699393685e-05
4.54206452179e-05
0.000457785824862
5.79110530941e-05
0.000261375498179
3.53592531598e-05
8.77027383911e-05
5.54654951526e-07
0.0
0.00084328202099
7.31835681719e-05
1.47826300156e-05
0.000132078913399
0.000106701698789
1.82499371147e-07
0.000212245661491
3.13245157333e-05
2.124497217e-05
0.000892638393627
7.13406061478e-06
3.00345675707e-05
2.97725974484e-05
0.000122207039735
0.00026451752882
0.00018154391125
0.00121813656438
3.3443414931e-05
9.9174057329e-05
5.12440517956e-05
0.000209085516947
1.79181363451e-05
0.0
2.91734869052e-06
0.000560195983199
0.000538794655537
7.93567761456e-05
5.81073881968e-05
2.36435998615e-05
8.74994509885e-05
4.13136735798e-05
0.000270862109855
1.87164768605e-05
2.04307668154e-05
5.00687247818e-05
0.000752432148187
8.93849568402e-05
7.68593911956e-05
5.16256452966e-05
0.000723981721884
0.00403728887744
4.5929855518e-06
7.93775136418e-05
3.82903628576e-06
0.00027383254346
9.35259438707e-05
1.42582251608e-05
0.000297955480421
3.02942790585e-05
5.49616903438e-05
7.46126870011e-05
4.52238936491e-05
0.000214737476085
0.000130647905427
7.80762517112e-05
0.000817092433469
2.65250907432e-05
9.43727809751e-05
0.000896334017979
0.000396740907939
2.76274616607e-05
3.50672396231e-05
9.46901325763e-05
4.79579497893e-05
0.000189701187028
0.00011671330069
0.000103184237534
0.000155756696322
0.000161750212523
8.09622968882e-05
0.00248622824995
0.00175654880693
6.98889333849e-05
0.0
0.00103926002772
0.000284682014489
9.54107623438e-05
2.94477157824e-05
1.02551961108e-05
0.000150018985633
0.000110798872035
3.64832365348e-05
8.2519742051e-06
5.71499523545e-05
5.39430001875e-05
9.1086926296e-05
0.0195978227959
1.68300860819e-06
0.000134835232735
9.55016193684e-05
0.000106422457306
2.33901524589e-05
9.15784797054e-05
3.23830358376e-05
5.47137917315e-06
6.00693465352e-05
0.000147991228559
0.00162177078424
0.000147618970902
1.48011922416e-05
0.000404212417191
0.000440496132891
0.000505605069574
0.00012825386636
4.78207677318e-05
0.000196054894702
0.000216064346112
0.000328032432084
0.000123628894799
3.57305619237e-05
3.47316898461e-05
1.81940060391e-06
1.52580534847e-05
0.000141643094772
9.55097274668e-05
0.000489002496556
2.63912140068e-05
0.000257200443751
1.55869360868e-07
6.79407398965e-05
0.000196767591456
9.44364786687e-05
3.77369108053e-05
0.000195634187549
9.10485234678e-05
0.000154525583815
0.000233850505621
0.000247260138978
1.22553733321e-07
0.000141225452207
0.000619374702758
0.000463332079938
0.000152317405048
0.00098592713668
0.00019780248993
5.16714326034e-05
3.05292672095e-05
0.000192331673098
8.81639054174e-05
0.000478235221063
0.000128803974205
0.000679236922917
3.67267316119e-05
0.000367134346667
4.50623831495e-05
4.9909668838e-06
1.23995043225e-08
5.77996861693e-05
1.90939967063e-05
0.000173905601005
0.00010341750368
0.00545346529315
4.64330811241e-06
0.000272563210255
8.80766851435e-06
0.0
4.00997244626e-05
7.70136039418e-05
0.000209351314265
2.924745735e-05
0.000158391138214
0.000147833658268
0.000120126214967
0.0
1.80425241781e-05
2.00369101239e-06
0.00010369796426
0.00023994812065
7.02790974188e-05
0.000318072794515
0.0
0.000174049276646
3.03079312798e-06
8.23629512807e-05
7.63064169128e-05
0.000389347386171
0.000188766443653
1.14574824258e-05
9.04480522285e-05
0.000317209570415
3.53592531598e-06
1.98930239855e-05
7.13705973173e-05
0.000237779961242
6.23986820467e-07
2.9865417177e-05
3.7594195664e-05
0.000461941976716
4.05039921716e-05
0.000228443627264
9.39545869675e-06
5.67521555418e-06
4.73456968168e-05
9.33901620102e-05
5.54654951526e-07
7.07185063196e-06
0.000640127443538
0.0
0.000183043385184
0.000279073133209
8.60788569743e-05
0.00010788681003
2.74275404245e-05
1.01026437599e-06
0.000125063187053
0.000762944761462
0.000221995339862
0.000112851315267
8.5003559134e-05
0.0
1.67845251339e-05
0.000348530176602
0.000383995945793
0.0
9.28233634283e-05
7.5065808142e-05
8.83468847386e-05
1.58865641859e-06
2.0995751133e-05
0.00014376777924
2.12155518959e-06
4.79875578597e-05
6.52376906803e-05
9.85450865005e-07
0.000158910528123
0.000554436591359
1.54080624375e-05
5.65554518012e-05
6.32104364194e-05
2.58307901739e-06
1.75893128447e-05
5.84776111241e-05
0.0
2.12155518959e-06
5.85175968861e-05
0.000201571150699
0.000146998822884
0.000125165299685
6.37754210864e-05
4.13216689141e-05
7.87877719104e-05
0.000134332751258
0.000281516637931
0.000120871728289
2.01034192773e-05
0.00022251294332
7.31721744412e-05
2.83282016661e-05
0.000190900108617
0.000203911673789
0.000777126585069
0.000190153003168
0.000209450936847
8.5170540416e-05
5.81241454656e-07
3.05715515131e-05
0.000247217840466
2.7093444038e-05
0.000350295300012
6.98556057836e-05
5.02039474557e-05
0.000255363782093
0.000210713046891
1.49345352005e-07
5.63266569896e-05
0.000310988417704
1.81655359785e-06
0.0
3.37067164309e-05
0.00039817053524
0.000100312677734
3.23314158405e-05
2.65220398149e-05
0.000158963839485
0.000196832515427
1.91211961318e-05
1.64037772391e-05
0.000174770059578
0.000103021135798
9.61907604232e-05
0.000232063014241
0.000410266751729
0.000977186329808
0.00106049660084
2.12298384628e-05
7.51342103702e-05
1.01026437599e-05
3.17459870304e-05
0.000252676825385
3.91830853027e-05
1.86638532143e-05
1.51268068591e-05
3.91630516058e-05
0.000117966885917
0.000705492105094
0.000256171809851
4.97815982371e-05
3.14013719088e-07
2.42736978533e-05
3.03079312798e-06
2.53857323954e-05
5.89849845294e-05
3.76672480479e-05
4.50113736169e-05
9.87361588996e-05
3.75611566759e-05
3.2466357083e-05
0.000108575457362
9.6789615878e-05
0.00050470500842
7.13765614071e-05
9.7544670796e-05
5.11890031135e-06
1.55996705117e-07
0.0004700263804
0.0
4.75003624138e-05
8.66463827894e-06
7.05791663741e-05
0.000107836158342
0.0
2.62857782775e-05
0.000125853093182
2.17206840839e-05
3.18151939374e-05
0.000567366379821
1.24797364093e-06
3.76755404683e-05
0.00111193419928
0.000162124690341
5.05132187997e-06
4.06645369611e-05
0.000624378213064
0.000399787415484
6.25051026949e-05
2.87672516134e-05
0.000304857307203
5.98684103097e-05
3.62479159763e-05
0.000122187879795
2.33371070855e-05
5.30850347099e-05
2.06782749323e-05
8.8637487844e-05
0.000335942492833
6.53094277924e-05
6.7411699317e-05
7.12798856104e-05
0.000104232787789
8.24884849513e-05
0.000232323389739
9.87574274054e-05
0.00089767078048
0.0
0.000111588193415
9.4368360744e-05
0.00161139878035
0.000127661588789
0.00177248485395
0.000537034466952
0.000176291263537
0.000249503132721
0.00337769308118
0.000263516099365
0.000116235156442
0.000291648404189
1.83036134004e-05
0.00229631759817
4.82698820251e-05
5.32422152935e-05
0.000114521205312
0.0
0.000629157031943
0.000216842681927
8.56371632839e-05
6.17457557874e-05
5.93281701135e-05
0.000342413509599
0.000425376538243
0.000477948216296
0.000168090970923
4.03193431995e-05
0.000509496087611
7.82954891396e-06
0.000443268923826
6.67804561638e-05
4.28314804607e-05
0.000137031745189
4.05913872133e-05
0.000225396053685
0.000126759615049
0.00304743142574
7.27654968806e-05
1.61765626747e-05
2.5179319338e-05
5.82696199291e-05
6.32707093506e-05
7.24323041783e-05
0.000260191548506
1.71230851515e-05
6.23986820467e-07
8.07791243072e-05
7.22110973641e-05
0.0
1.96053031011e-05
0.0
0.00105907967081
2.30263384836e-05
3.27263572394e-05
0.000154197959702
0.00720341661045
2.36294564662e-05
0.0
3.57738736911e-05
1.01026437599e-06
3.05260436468e-06
8.47122367043e-05
0.000556869447399
0.000189166582516
0.0
8.41084043372e-05
0.00012339633201
7.7227214691e-05
7.59388816974e-05
0.000111250276397
0.000127812925021
4.89740259491e-05
0.0
8.79514748413e-05
8.87571159959e-05
0.000366102382499
0.000134553540634
0.00014535685764
0.00044776074891
0.000263352195203
0.000127202458778
2.94919922126e-05
0.000539801683393
0.0
0.00016563643827
3.92005417979e-05
0.000249783093611
0.0
8.83116931668e-06
0.000170865145935
1.28263165176e-05
2.93940161916e-05
6.86674105399e-05
1.03778969324e-05
0.000695436113031
4.13352466729e-05
0.00019089483165
0.000500716001316
0.0
0.00130894739417
0.000181090653986
1.28579102399e-07
0.000152419010382
0.000155571408546
8.24678923496e-05
7.57698281996e-07
6.09321465468e-05
0.000562572709032
5.05794064263e-05
0.000102750152886
1.93880542635e-05
8.94042944672e-05
2.09020215723e-07
0.000159360503015
7.84943443318e-05
3.90959971414e-06
0.00261859557035
0.000199287093184
0.000115732765141
1.27697644599e-06
2.15271640473e-05
0.000642149873886
0.000157608915226
0.000193868058556
0.000112989780856
0.000191412102138
0.0
0.000128379487926
0.000234864157843
0.000125687874797
5.57066494794e-06
2.7514366224e-05
0.000116083648668
6.94044139709e-05
8.10089307049e-05
0.000204705801054
0.0001146089419
0.0
4.19276314029e-05
5.75600770982e-05
1.11595538903e-07
0.00023708282001
4.38433465073e-05
5.73524829753e-05
3.67807995508e-05
0.000126491889749
4.4378536799e-06
0.00013260474585
6.61913783979e-05
7.6592466264e-05
0.000180168248375
0.000113807870976
0.0
3.84263127515e-05
8.03694274112e-05
9.35113963659e-05
0.000322947153325
0.000145350361035
0.000237618132485
0.000120128679145
6.69995658671e-05
6.31854480378e-05
0.000160189352559
4.7979172505e-05
9.42913417595e-06
0.000470827492139
7.15115624618e-06
1.18069158377e-05
9.40809087669e-05
3.45871373129e-05
8.73169524333e-05
0.000128887373601
3.3926830868e-05
2.0429550079e-05
0.000413652238681
6.96541648853e-05
0.000802967830932
0.000473207798571
0.000105585110355
0.000693133792061
0.000140412864518
0.000167372669504
5.77534468277e-05
0.000187061520956
3.57565596573e-05
0.000213779863704
1.63196553045e-06
1.38865430591e-05
4.43007924397e-05
7.70905542895e-05
2.78414456175e-05
2.14894313033e-05
7.72115577803e-05
0.0
1.24947360925e-05
0.00010124801325
9.24603401535e-05
0.000153773674516
0.000259701142437
0.0
6.09524917398e-05
0.000138208968005
5.87580077601e-05
0.00125641794409
3.10436081492e-05
9.39995195654e-05
0.000376177072425
0.000420522095099
2.26909819133e-05
6.74098625312e-05
9.90212158835e-06
1.63662828911e-05
5.35769446e-05
0.00094760162215
0.000119094662358
1.6166575831e-06
4.94626840212e-05
4.99517233692e-06
0.000366106747364
0.0
2.16857203202e-05
0.00231807167892
9.87920551152e-05
0.000256555872627
0.000169715190621
3.31775193023e-05
0.000119618636841
1.25362152164e-05
2.12557328654e-05
0.000134891072768
0.000205893110093
0.00058968870104
2.43672288683e-05
5.56325274688e-05
0.000325010175703
0.000145591486568
8.68847329055e-05
0.000392021044254
8.07679782703e-06
4.16734055098e-05
4.72771481926e-05
0.000611739223685
0.0
0.000236503787051
0.000268811900406
1.89497372256e-05
4.28839336543e-05
2.72771381519e-05
0.000109387465636
0.000131117823977
0.000194915106649
0.00130196028957
9.88863840602e-05
5.55251220639e-05
3.74561193497e-05
0.000296085354606
0.000240735695701
2.12155518959e-05
0.000185033890902
4.01978878027e-06
1.28345746497e-08
4.74951422863e-05
5.22387675921e-05
0.000220108213932
7.66817030993e-06
0.000162486214554
0.000115093118672
0.000473769696946
0.000107281812161
3.3351466481e-05
0.000101509729093
3.29113048641e-05
0.000178952396948
0.000288220491294
0.000179702445959
2.99309626624e-05
1.12303673092e-05
5.11704795654e-05
0.0
0.000498336131155
6.84372641803e-07
0.000180634075672
5.66058901134e-05
4.23170136975e-05
0.000382688078751
3.25997998646e-05
0.0
0.000177092587527
0.00054414731787
3.89597074667e-05
1.65009848079e-06
3.35251208816e-05
7.94965516448e-05
0.0
0.000128311583376
4.1959647083e-05
0.000211098434137
0.00135994314192
0.000136484311143
0.000417714600478
0.000378969900954
0.0
0.000197739863979
0.0
3.46176898492e-05
5.7336881114e-05
6.32183120313e-05
0.000196304498043
7.12080103168e-05
7.3876510045e-05
4.54072501056e-05
4.34711792477e-05
2.12155518959e-05
5.65748050557e-06
6.01626762829e-05
0.000130400080134
0.00641344028497
6.73229634844e-05
2.36651245766e-05
2.09527131277e-05
3.56934175303e-05
8.68852270123e-05
0.000313408366985
1.11785946606e-05
4.29947884326e-05
1.33277184987e-05
0.000277431811187
0.000109727909104
1.88820345394e-05
0.000657639409582
0.00506936088415
0.000452395073136
0.000194792657286
4.76056041107e-05
6.07875539847e-05
3.09447039774e-05
3.06232562214e-05
0.00542849838325
0.000724648300534
0.000155582556293
8.27756833721e-05
0.000133592064259
0.000142729266896
4.87172654247e-05
0.000167784150155
0.0
4.95568738424e-05
6.81266941267e-05
5.90685629101e-05
5.11747745033e-05
6.29166287077e-05
0.000357653034301
0.000106405998995
0.00016725201926
7.68767011852e-05
0.000283338139511
1.52067043578e-05
0.000120493628542
0.000122091765243
1.38663737882e-05
3.46314723987e-05
1.95694837953e-05
7.0832766718e-05
0.000207421025718
0.000195275121212
3.76078094784e-05
2.85593967829e-05
4.27501687561e-05
2.26032357935e-05
4.66275865845e-08
0.000147273615768
0.000216220216362
3.63143697092e-05
0.000439383485178
8.0612920933e-05
9.07291021269e-05
5.24226510753e-05
5.04839962765e-05
0.000100205121125
0.000307375054585
4.54618969198e-06
2.2840986952e-06
4.18271129551e-05
1.03506177431e-05
7.47270362902e-05
0.000132699113765
7.71645281002e-05
2.72582275274e-05
0.000221422981531
0.000337486065692
0.000103695386763
4.50923528454e-06
8.31047685128e-05
2.93629561544e-05
5.50138000845e-05
0.00014131386353
4.47957671514e-05
0.000128801719971
5.4479515794e-05
0.000255874558519
0.0
7.39592918407e-05
0.000103613249772
0.000219360150175
8.55105947913e-05
0.0
4.766954433e-05
0.0
0.0
6.00118593098e-05
4.61145322336e-06
0.000219266553584
0.000118692749497
3.60940800704e-05
6.31651215415e-05
4.17551299999e-05
0.000565489353385
0.0
0.00013609679024
0.000167985474191
0.000120764793905
4.03259117759e-05
7.23674657997e-05
5.77276987196e-05
0.00141951943535
7.01346057147e-05
0.000252808890253
0.000150329921948
2.72662939773e-05
5.1361403639e-05
4.97047937124e-05
0.0
6.28071927936e-05
2.58250729267e-05
9.26181482004e-05
3.77556141156e-05
6.30143710271e-05
3.70812358127e-05
3.65959797742e-07
3.9229902069e-05
0.000126769857297
3.82713910168e-05
1.1951427568e-05
3.35309210452e-05
1.72503640486e-05
0.0
8.38559363474e-08
5.88151480221e-06
0.000510439309026
0.000334121085142
0.000109437499644
0.000182722501181
3.19865243969e-06
5.54614831819e-05
0.000147711816386
3.97280121929e-05
0.000122261093668
9.02321285714e-05
7.41393437345e-05
0.0
0.000186898409011
0.000100889089329
0.000820742321353
4.28764895656e-05
5.85241469736e-05
0.00020897328159
7.87299157037e-05
1.03421815577e-05
0.0
7.76105373028e-05
6.62254380276e-08
8.89261422351e-05
7.82464964391e-05
0.0
3.58825402045e-07
0.00116117365557
0.00010818597188
0.000756546449504
0.000431622513831
4.11598039485e-05
0.000351058188502
0.0
0.000497880567279
0.000257115913732
0.000139428512365
3.31633946548e-05
2.76526014798e-05
5.56527871863e-05
0.000320574810707
8.23824677516e-06
5.72483146397e-07
3.12003596354e-05
1.8294429033e-05
0.000602056410073
3.39992818844e-05
0.000105026975117
7.26471928556e-06
0.000151847381336
5.05689124672e-05
6.28832536908e-05
4.2423749963e-05
0.000147153036778
0.000519094501403
0.000262829569204
5.68425527415e-05
1.25788716841e-05
0.0
4.71305526832e-05
2.84279211183e-05
2.9909829944e-05
2.5296449409e-05
9.77985321207e-05
0.000168150564799
9.78645215784e-05
8.11561603652e-05
3.6200976935e-05
1.82944984414e-05
0.000344950696124
0.000189686807212
0.0
0.000101664719813
0.000131253796301
4.81347012285e-05
6.18348592448e-06
9.17582716741e-05
5.51477670374e-05
4.04105750398e-06
0.000139218896381
6.31784081915e-05
8.60659246939e-05
0.000203855997957
2.01483104137e-05
0.0
1.36804499297e-05
7.83943615394e-05
0.000295352607509
0.000139061186826
7.40367933741e-05
6.54643128252e-05
1.53383137916e-05
6.98370011288e-06
0.000166600358005
5.64050829898e-05
3.67266817091e-05
6.27504313243e-05
9.80579482008e-05
9.03890295452e-05
1.6179445193e-06
3.76918454269e-05
1.11578998512e-05
0.0
0.000102376575459
0.000126870397796
0.000167330290603
0.0
0.0
5.40444114751e-05
6.0818401807e-05
0.00034298301412
2.38162726389e-06
4.3381280548e-05
1.17431701485e-05
0.0
2.89981892149e-06
0.0
0.0
0.00100924199111
0.0
0.000300579822456
4.31873539603e-05
8.23840607629e-05
7.83343015955e-05
4.47927077738e-05
3.69503886382e-05
7.07185063196e-06
0.000109368833358
0.00475173338494
7.60243740949e-08
7.2999748459e-07
1.67646718674e-05
4.50486384781e-05
0.0
2.05941650205e-05
5.45529400488e-05
0.00136786358303
6.12572729635e-05
0.000219701577915
0.000164722044608
3.99351565099e-05
7.19347807891e-05
8.21107734852e-05
0.00120303538894
0.000122794567018
2.91507193582e-05
2.52396737091e-05
0.000224999306744
5.07930120342e-05
9.81237183151e-05
0.00110415303589
2.69622554516e-05
0.000123414561258
2.12155518959e-06
7.9042978214e-05
0.0
0.000209387165616
0.000379648703091
8.54014663361e-05
3.48541209718e-05
0.0
9.07491962012e-05
7.89843057596e-06
0.000338506101439
5.72112716126e-05
8.26579943996e-07
1.37151042559e-06
3.44786520467e-05
0.000100017653836
4.34969821335e-05
0.00124474483923
5.94788292119e-05
0.0
3.29113048641e-05
0.000147850236139
5.75569141259e-05
4.12336798729e-05
0.0
4.40078919754e-05
4.99702149174e-05
6.95709057115e-05
0.000115792877361
9.33705647868e-05
0.000149411704823
3.89991762792e-06
0.000840652146388
0.000332992763251
7.39099613514e-05
8.98581597993e-05
1.51754701588e-05
0.000980906492662
7.51708104415e-05
0.000117215116282
0.000135893983058
3.94249512583e-07
0.000129433627785
0.000999912211802
0.000440316291634
6.29518574119e-05
0.000206427985651
0.000197958089064
7.74382407202e-05
0.000124727693485
0.000145264255006
6.04717198689e-05
1.04057230727e-05
0.00177378677624
2.49594728187e-06
6.52786212181e-06
3.5929473527e-05
0.0
2.91399602095e-05
0.00124217591855
7.62047868557e-05
0.000162571112447
5.49905268297e-06
6.1401623741e-05
1.80505818556e-05
3.76206613342e-05
1.28579102399e-06
2.60639658012e-05
9.37359384921e-05
0.000906607590872
0.000103882511798
0.000118965144816
0.0
6.43012553734e-05
5.02785063775e-05
8.4297850146e-05
0.000549939309757
0.000197731296739
6.10257124348e-05
0.0
2.69397910031e-05
1.84044597552e-06
0.000615007636554
6.22496413852e-05
0.000166988744846
0.000261955233413
0.000223661624521
0.000124442694152
6.36466556877e-07
1.41437012639e-05
7.785770791e-05
9.63445810639e-05
6.73810594842e-06
0.000478405489787
0.000342919884328
4.28739903325e-05
0.000227204823424
0.000275010812141
0.000104327011793
0.000184490074569
8.69875729456e-05
9.84523213699e-05
0.0
2.81687477675e-05
0.000150626092396
2.34152777475e-05
0.000113643048438
6.93318689408e-06
0.000280722811498
0.00137993135437
0.000679998553473
0.000185878644333
0.000101477523418
0.000273618811696
3.07146787046e-05
3.09505047644e-05
0.000236686775822
0.000123804436502
0.000319975240942
4.2977258339e-05
0.000115866619067
6.29859683179e-05
0.000196467999814
0.000263334263496
6.98957758223e-05
0.00525960454843
0.000194669803117
0.000239098040321
0.000290298419457
4.82232358643e-05
4.02958739933e-05
4.77590594877e-05
0.0
4.04105750398e-06
0.000157750316781
0.0
0.000145459623491
9.06222115264e-05
2.14867957154e-05
4.27732901127e-06
9.05116436131e-05
2.72771381519e-05
4.96996085311e-05
6.88621102174e-05
0.000168896151856
8.02544314646e-05
0.000161002773768
0.000233107115138
9.80656846209e-05
5.01773982213e-05
0.000673234799446
4.1325726144e-05
0.000121953329873
1.0879770203e-07
1.97478614519e-05
0.000227438136665
0.000144790649241
3.87788062502e-05
3.5895818983e-05
3.72622813769e-05
0.000149947994447
6.94319000732e-05
0.000117462856213
9.6818305568e-05
0.000774838207654
0.000145416588951
0.000184853490841
0.000254144287251
3.11379342442e-05
0.00028944122824
2.26299220223e-05
0.000153186037612
3.87556325067e-05
0.000127873488364
0.000154365051115
2.22101768076e-05
0.000289783060522
9.2734121899e-05
0.000568768514008
0.000288692976406
0.000257082868587
3.14713094862e-05
0.000305189778837
0.000548295717945
0.000127100213499
0.000316015344024
0.000246603676359
0.000320446931346
0.00020802271095
0.000125841362522
0.000108689328718
0.000146611040761
1.70719866282e-05
9.82201476661e-06
0.0
3.85737307198e-07
0.000246409871074
7.77838149991e-06
7.07185063196e-06
0.000283005331361
1.66196082806e-05
0.0051559155568
0.000131452174504
3.58229810701e-06
0.000117464867566
0.00166691900271
0.000123643288516
1.06131237599e-07
2.7514366224e-05
2.10943908186e-05
0.0
0.000217645578864
0.00021229313509
1.62310095578e-05
0.000134684821108
3.61776982325e-05
9.95929084115e-05
3.56126143458e-05
1.01026437599e-06
8.04874406631e-05
0.000161188265855
1.57483291448e-06
1.99108097398e-05
7.15600980489e-05
0.000494760685897
0.0
2.97284842348e-05
0.000160358507477
6.0438349183e-05
0.0
0.00012401765592
0.000111428925952
3.45122681862e-05
8.37504443031e-06
0.000100035565458
8.49839894163e-05
2.93278724419e-05
0.0124818245386
0.000226470865315
9.25642919809e-05
5.1997254607e-05
5.66728175848e-05
0.000299283871418
8.60480015668e-05
1.55996705117e-07
0.000161301530392
5.35471638187e-05
2.62218885734e-05
4.62443426428e-05
0.0
1.9967578255e-05
0.000114040620132
6.04240402097e-08
5.13922021075e-05
0.000287174129452
5.04549343165e-05
0.000779393421652
0.000194573602281
3.33432622707e-05
0.000133416444825
2.90341196753e-05
5.72946279371e-05
8.80755350621e-06
0.000311409817557
2.87480112068e-05
3.54212204803e-05
9.13833601118e-05
0.00149381624702
3.34901706267e-05
1.59996620633e-06
4.96270219787e-07
6.47979203079e-05
5.25459413272e-05
0.000112662085094
0.000294695099353
0.0
9.38964519538e-05
6.02616269118e-05
0.00024440459367
9.26582474924e-05
0.000108797022213
6.19750465512e-05
1.76796265799e-05
0.0
3.64289109323e-05
9.08904068741e-05
4.20651387775e-05
0.000108239530612
0.000102874538628
5.98424877615e-05
1.48136072683e-05
3.22348090875e-05
0.000264288252603
0.000107132999941
1.78250083045e-06
1.28881915503e-06
0.00012645128043
0.000158696769222
2.53801979295e-05
5.64028940414e-05
0.000292009064384
0.000493321517332
1.22536851347e-06
9.08637334559e-05
9.45833933896e-05
3.83130974041e-05
0.000302511069068
0.000114537441356
0.0
0.0
0.0
4.77579523197e-05
1.99041400089e-05
0.000427827983428
9.14228358117e-05
4.47868948072e-05
8.91409743525e-07
3.56113326037e-05
0.000186144444979
2.2511524523e-05
5.66883956022e-05
2.86149408729e-05
0.000363733926812
0.000160689357636
0.0
0.000190275181194
1.92131089957e-05
8.39563285832e-06
0.000198543591177
2.2243749959e-05
4.85240683413e-05
0.000149262063342
2.71994255075e-05
0.000143196901766
0.000273664556878
4.75877194928e-05
4.77890483672e-05
0.000359715836992
1.98011817695e-05
0.000117460564497
0.000107972318953
0.000209666428589
0.000210462579755
4.48174050922e-05
2.44794829568e-06
4.4029186716e-06
0.0001178845508
7.79773796587e-05
3.05106286349e-06
0.000419261242731
2.34169868209e-05
5.18084295386e-09
8.99203349959e-05
3.78142479388e-05
0.000100591637139
8.42862994062e-06
0.000379072591487
0.000253601489602
6.75119228391e-05
4.41990664498e-06
2.09413309897e-05
9.2012942576e-05
0.0
1.18823536781e-05
0.000695174428445
0.0
3.95442429466e-05
0.000264811775832
7.07185063196e-06
4.24370242433e-05
4.00738202478e-05
0.00128992359761
8.49838782055e-05
0.000166420641643
0.000837300468563
0.000255761167547
0.000321219108394
7.39491082227e-05
0.000427801922669
4.09157072278e-05
6.41005321872e-05
9.99224578468e-05
6.86518846763e-05
8.89417094432e-05
0.000223313091041
0.0
0.000102091420641
8.59060286583e-05
6.50186624011e-05
6.06409289332e-06
0.000875325202255
0.000107667517558
3.93889850235e-05
0.0
3.69494791463e-05
0.000143852899888
0.0
7.79729187428e-05
2.21199311084e-05
5.63764177736e-05
0.000183119180862
0.000308798807481
3.6877410009e-06
8.77770871404e-05
7.57698281996e-07
5.49107894285e-05
0.00033522120298
5.85601538822e-05
9.46095413957e-05
0.000323535025553
0.000189089846184
0.000833284527196
3.76323480058e-05
0.000849663954008
5.04456540312e-05
8.0733940262e-05
5.76855833291e-05
0.0001850983457
1.88614274025e-05
0.000135041552916
9.30102093986e-06
5.01598229688e-05
0.000135274208024
7.05512555558e-05
2.39450381047e-05
6.16055789428e-05
5.59287235713e-05
4.2036270019e-05
7.32690385154e-05
7.01612892785e-05
4.65760992292e-05
0.000121926859903
3.86098317755e-05
7.08883124489e-05
0.000239279802174
0.00014008095363
6.4758189548e-05
0.000156937150573
0.00030428646192
3.77077408697e-05
0.000232848425713
0.00118601873864
9.63450283208e-05
0.000475531105381
2.55573392606e-05
1.24067554947e-05
4.3346231059e-05
0.0001590209455
2.62544781138e-05
0.000103320126751
3.01847283072e-05
5.9317986709e-05
5.69823318791e-05
6.05836294743e-05
5.05132187997e-07
0.000124452395534
9.92388913517e-05
0.00069601090813
0.000147117349089
8.19316503272e-05
0.000197854695649
4.81830288751e-05
0.000185581784792
4.71456708798e-07
9.31414473478e-07
4.64647626884e-05
3.58712259291e-05
0.000303662187158
1.52882307721e-05
2.04405384071e-05
6.63137345375e-05
0.0
2.62225976749e-05
2.0120555669e-05
0.000103910141761
6.39180302922e-05
0.0
0.000203959445957
0.000132961282022
0.000599090645967
0.000142159687074
7.59048888583e-05
2.24439703943e-05
0.000350121491869
0.0
0.000201712288107
0.000347766809818
1.15785082397e-06
4.89020782262e-06
0.000197878257576
0.000227261608388
1.29313840127e-05
0.000505814320611
0.0
0.000111916938589
0.000106857834308
0.000366259779351
0.0
9.01821519351e-05
0.00037817823958
0.000101749162947
2.44578791368e-05
8.81346471179e-05
0.000253090607729
5.64921137247e-05
2.49836109926e-05
4.6728915787e-05
0.000614750542592
0.000167828831436
0.000157214719345
0.00021785708645
8.34843751197e-05
7.7254941367e-05
6.74549883266e-05
5.01587471403e-05
5.72787431719e-05
5.33244477751e-05
1.65906061034e-05
0.000139720994748
0.000305965760759
0.000182207957244
0.000268358955663
0.000321645822832
0.000135688667349
0.000115368457031
0.0
0.000367221242735
0.000436519318533
0.000117685695971
0.000154006315594
5.15919101107e-05
0.000202580343232
6.8879772066e-05
0.000178190078089
1.03506177431e-05
0.000518995981473
0.000119095683493
6.43793684068e-05
0.000205961875387
0.000450531702594
0.00024402735756
9.88314351585e-05
7.99147115692e-05
0.000682749005774
0.000204669180474
1.44887362888e-05
0.000139264404736
3.82464202505e-05
0.000100685889854
6.2585026806e-05
0.000170594171991
0.00133448871806
5.44953151093e-05
0.00113115880694
6.50871804254e-05
1.62674222157e-05
2.26464837334e-05
0.000622659344613
0.000232958453305
9.54750096995e-05
0.00023550186264
0.000119479727884
0.00342816147651
1.35779532134e-05
0.000122640904862
8.5482904776e-05
1.54538128697e-05
4.27687166115e-05
5.85256604024e-06
2.42463450239e-06
7.95594985796e-05
1.38540581151e-05
2.3070279635e-05
0.00056883982927
1.97907104941e-05
0.00151395553834
0.000453778306346
2.05345588721e-05
7.00860843107e-05
0.00135429745951
0.000104511155733
0.000481842784697
3.03079312798e-06
8.28645576252e-05
3.98310223522e-05
1.91276721855e-05
9.35158870199e-06
0.000103268708758
6.33837834949e-05
0.000490676202708
0.000939873637322
0.000842432440088
9.02500399943e-05
2.6630796748e-05
0.000534108650589
0.0
3.64651209092e-05
3.73877078463e-05
0.000440703204456
5.74335551672e-05
2.02611860886e-05
2.12155518959e-05
5.96774949897e-05
0.0
0.000735486496903
0.0
0.000101664045618
3.65986572095e-05
5.84584294811e-05
7.32236574475e-05
0.000102320886741
0.000218668709176
5.05132187997e-06
9.17427877785e-06
3.35718623407e-05
4.02283063284e-06
0.000147229241522
1.46325388652e-06
4.65563499938e-05
0.000342615859285
4.61403712125e-05
6.64871550488e-05
0.00168077535915
9.12089512565e-05
5.17199410388e-05
0.000177703258255
4.1815365073e-05
0.0015883793073
0.0
0.000140481870047
2.84520461439e-05
0.000610747187488
8.06556225904e-05
5.13857198517e-05
0.000927155577331
0.000243052971221
6.38743935676e-05
0.000369490549303
0.0
1.55996705117e-07
2.01024794042e-05
3.54732262735e-05
7.03490668549e-05
2.83192577109e-05
0.000115585756876
7.34559514231e-05
0.000109520339558
0.0
0.000117868633353
8.64484274317e-05
0.000179310872213
2.3817009278e-05
0.000162034737142
0.000174394884035
6.12945590652e-05
0.000152982860975
0.000289144594172
7.05626202841e-05
0.0
7.12797643063e-06
0.000182647920371
0.000434135930342
0.000135840209033
0.000102528456354
0.000275711546274
0.000313305746439
0.000226724104554
0.000113164806055
0.0
1.88582683519e-06
2.78376253446e-05
7.7168284129e-05
4.79925351557e-05
0.00117211644386
0.000331012286295
1.12317627684e-05
0.00018591532825
9.40652947716e-05
9.84735537049e-05
9.705534666e-05
0.000249867995306
0.000328829683262
0.000471962794221
5.24677181325e-06
2.19846563886e-05
2.23013145236e-05
5.28390226034e-05
0.000114175419119
0.000185788478996
2.21657225352e-05
2.98375636617e-05
4.14208394158e-05
2.02052875199e-07
0.0
6.25842360322e-06
0.000111265855406
0.000632039619204
2.05998993826e-06
6.16089861761e-05
1.96463353375e-05
0.000126940690955
0.000265033406361
0.000120027445273
0.000145021689891
0.000140556983232
5.09837343604e-05
0.000253081988169
0.00047049951707
2.96463681234e-05
5.0433363605e-05
3.67709301028e-05
0.00027207033618
8.88340860587e-05
0.000144122649207
7.18979537251e-05
0.000124950207642
0.00075429096102
2.37583369544e-05
8.08211500796e-07
0.000754441984098
5.04387445852e-05
0.000114304784689
0.00174918033232
3.74178748902e-05
0.000200321614407
7.30914021619e-05
0.0144178975785
3.68436178328e-05
6.76895817077e-05
2.5014211023e-05
0.0
0.00018777867267
0.00402263724171
0.000286470585754
0.00021009345771
6.62769832907e-05
6.45306370167e-05
0.000168283289835
6.882277765e-05
7.14683541309e-05
2.63089681249e-07
0.000121511937361
0.000470834931456
8.35306573154e-05
5.21022966776e-05
1.89652823154e-05
3.47163576478e-06
7.60411862089e-05
0.000163403272557
6.33534456075e-05
0.000106508174455
7.33956018989e-05
3.49237018359e-05
3.11993410234e-05
0.0
0.000359669821627
2.43414287298e-05
8.58641485033e-05
5.79891751821e-05
8.92046902685e-05
0.0
4.74186082779e-06
0.000107028647844
0.0
0.00025085149838
6.35921746762e-05
2.12155518959e-05
8.48162125159e-05
6.51091158137e-05
3.55360494256e-05
0.0
0.0016122261038
2.31990118017e-05
0.000380501519123
1.66878609592e-05
1.61795370519e-05
2.49407063133e-05
9.84468024677e-05
7.82822434814e-05
0.0
0.000128768829842
3.88159955923e-05
5.05132187997e-07
0.000609687376516
0.000149293040446
1.11660799452e-07
0.00071348502419
2.82442288366e-05
0.000518545674461
0.0007572695553
0.000134793752078
0.0
0.0
0.000128834756373
0.000103316458249
6.24908489314e-05
2.13788530489e-05
8.34528201947e-05
2.64074860325e-05
8.29714586067e-05
1.23995043225e-08
2.13662294842e-05
3.10887711452e-05
8.11116291136e-05
9.93283272207e-05
8.54282960779e-05
0.000163854357787
3.9717764486e-05
4.37614963151e-05
4.08373501372e-05
0.00190624265355
0.000162898357423
0.000284961923738
0.00010823598865
8.78966327115e-05
3.90966442794e-05
9.51917251619e-05
2.28532966982e-05
0.000639548994956
0.000209492448741
0.000179226703747
0.000204445296765
0.00194823446226
0.00010401751421
2.94660442998e-07
0.000423704394342
0.000205720159504
0.000542598657814
3.69186868889e-05
3.63175790598e-05
7.13388440944e-07
5.0394810255e-05
7.84450713722e-05
0.0
2.79066105707e-05
2.49457588226e-05
2.12155518959e-05
0.000285996281298
3.53592531598e-06
7.34266324218e-05
1.93750089527e-05
0.000335805209499
0.000338074609056
3.77633221021e-05
7.41212404417e-05
0.000198294021119
9.66396457285e-05
2.12155518959e-05
0.00190270870567
0.000125158096095
7.71522850582e-05
0.000143048194706
0.000334963578643
0.000350776853581
0.000116221114009
1.36840610147e-05
9.26091439491e-05
4.81361261503e-07
4.29362359798e-06
9.46571144604e-05
9.69675439918e-05
0.000106586579503
0.000281015381222
0.000317717734687
0.000164799896289
4.59892253305e-05
0.000133043349449
2.84283696501e-06
0.000176119115181
2.7327197465e-05
0.000264979115023
5.15356386021e-05
0.00168615308671
1.6155682036e-06
0.0
0.000308501696379
0.000227389962108
0.00163353621618
0.000168929727029
9.97225244491e-05
4.23454729292e-05
5.9194144494e-05
0.000576565960033
0.000290124237969
0.000109511135558
0.000441829379604
0.000173784664303
2.73827781476e-05
1.45910572159e-05
0.000145790770144
0.000389648056743
2.97874920558e-06
0.000252754237617
4.68486795545e-05
0.00010665448589
0.000170799867825
0.000193747950417
0.000183171742029
0.000247480687921
0.00125503852344
0.000607568046952
0.0
3.39992818844e-05
0.000100344111689
0.000180812341078
0.0
7.00376759793e-06
8.4944315894e-05
0.000815789900364
2.5508049403e-05
3.21447755998e-07
0.0
0.00018649671285
4.81468933513e-05
1.4920827707e-05
3.99643972716e-05
0.000222089085201
0.0
9.96021784255e-05
0.00034644334529
7.75000959802e-05
8.47764960909e-05
2.11583608311e-05
3.10850577229e-07
0.000268833779728
0.000116065880159
0.000102393121753
0.000838237095019
0.00103542417932
0.000227963451463
9.6099384604e-05
0.000137922144967
3.07967581644e-05
0.000149934704456
0.000451248124806
4.36063551695e-05
0.000108114601186
0.000134801034408
0.000368487603813
9.21431019907e-05
3.82769457658e-05
3.81155635525e-05
0.000378442322319
4.42525819433e-05
0.0
0.000152384697137
6.07435670989e-05
0.000171101526991
5.2979368029e-06
7.01172092038e-05
0.000171571543253
0.000538399002668
3.99717140761e-05
7.47437683988e-05
0.000254392430408
0.000101414440589
0.000202692832185
0.000332185949392
7.64693869624e-05
0.00014080905292
5.86290092869e-05
2.54999923722e-05
0.000105327852101
3.47661829796e-07
0.0
2.47267504614e-07
0.000300874678942
0.000176499377625
6.98485616481e-05
0.000737269480183
6.66432370159e-05
5.33446524645e-05
0.00106849588843
0.0
1.51892895692e-06
0.000141131243922
0.0
0.00139856847513
0.000104064410142
5.81492330535e-05
3.83989748593e-05
3.43401268156e-05
7.46102697945e-05
0.000144438264972
7.29062887338e-05
0.000212628010668
8.12120958597e-05
9.37504441958e-05
5.80172380814e-05
0.000405772668431
0.000606961030574
4.65714153397e-05
2.19732501779e-05
1.073435316e-05
9.5781332826e-05
2.66147686637e-07
0.000114611373791
9.74859370676e-05
0.000198259956646
3.10596001325e-05
8.947080678e-06
2.71607350019e-07
0.000594864737183
3.15147991938e-05
5.91815890048e-05
7.49782724215e-05
5.57408404501e-06
4.6183620432e-05
9.54629367796e-05
0.00166163384429
8.4227633108e-05
0.0
0.0
0.000108035111686
0.000622370996512
0.000444184669191
6.74972456776e-05
0.000787128840706
5.57956237572e-06
6.20795801224e-05
3.71272158178e-05
6.65238346492e-05
0.00015838899249
7.44558412089e-05
3.84880430544e-07
0.000168009052785
0.000233236933959
