0.0329073045692
0.0274906242167
0.00749776720759
0.00599641321812
0.0243871613883
0.0324532758731
0.0203363136643
0.0244542190735
0.0210335128827
0.00729460932581
0.0253513793139
0.0483267764594
0.0388435751657
0.0507915834653
0.0194174715023
0.0628445698324
0.00394956168538
0.0165839746853
0.0255520558991
0.0356342520156
0.0212277010884
0.0310747746933
0.023956737186
0.0308420145938
0.0188607764119
0.029771908256
0.0104628783854
0.0270507495846
0.0239181932874
0.025108587205
0.0128702779413
0.0627080070262
0.00515937843113
0.0241556132467
0.0310673381147
0.0197692767846
0.00581703419139
0.00480350026553
0.0183720899006
0.0120196411388
0.0298371208235
