0.0293710201797
0.0348262815934
0.00506675941549
0.00168372079334
0.00534784430079
0.0343248341007
0.0221393274626
0.0147030842003
0.0127788601525
0.00641073580184
0.0292508287968
0.042961724186
0.0281260680394
0.117108615151
0.0604923235047
0.0313592608452
0.0297289412379
0.0169153594776
0.0306783669264
0.0262519525683
0.0247669518562
0.0289801344487
0.0446091150191
0.0290875396668
0.0112636973422
0.0253179028442
0.00612526866449
0.0206195908224
0.0575489161751
0.0332898601991
0.00672253351982
0.00366006547935
0.0279035414417
0.0288725507146
0.0238605390335
0.00650132274884
0.00268246781292
0.0244386567806
0.000198225314976
0.0140252113813
