-4.66169211002
-11.1465795481
-11.1465795481
-8.84863643312
-10.2910246027
-10.8691701939
-9.42712085064
-10.5532515898
-10.5364859037
-9.58964089984
-10.3850847577
-11.5455505067
-9.77564723764
-10.5866792038
-11.1842503775
-10.4230385467
-8.1302459584
-10.3544781675
-9.25712063969
-9.91971247914
-9.20046958255
-8.76998611009
-7.50701452093
-9.19198853549
-9.45261791041
-9.46073796179
-7.67840538455
-11.1332353385
-8.73249336842
-6.84387912549
-10.6904913415
-10.7917787043
-5.62231211464
-10.8514137208
-10.0454265038
-10.6261465562
-10.3421085791
-10.6426897121
-10.1766626469
-10.4069848116
-8.32199112914
-6.45104337402
-10.9004492234
-6.49570020816
-8.93941489589
-11.228786933
-6.30274873598
-10.8765668767
-9.54880466144
-9.61536169888
-10.5974932217
-10.8620805672
-10.4168912746
-8.57551663667
-6.63623684415
-10.5286068978
-9.03258539283
-11.5455505067
-11.5455505067
-11.1101740852
-10.1980343535
-8.64861427545
-11.5455505067
-11.5455505067
-4.30552588567
-5.73492964384
-9.35669989396
-9.98091939304
-10.8951441582
-8.66512446617
-6.91422850174
-6.65069218618
-7.47452611812
-9.78910085001
-11.5455505067
-10.8684707928
-10.8313406742
-10.6468797863
-8.3220024969
-9.10268802203
-10.363386957
-10.1117266191
-10.0747972934
-8.85142957648
-10.1715873082
-10.590895332
-9.96449297123
-9.3763024321
-10.0140063892
-8.82547032642
-9.35424579749
-10.5932492432
-10.4562566827
-7.82719872905
-9.3052369156
-9.74905341837
-8.89577755263
-5.24013623503
-7.79654293485
-6.76740611847
-10.597536746
-11.1101740852
-7.79259511169
-8.02919485778
-8.88794648377
-8.50681228995
-7.72665042127
-7.50266449855
-7.71048669382
-6.71742654317
-9.8841716349
-10.6533628938
-10.6533628938
-5.98445788219
-9.30770550599
-9.32769270154
-9.69293603137
-9.61019250916
-9.46853180935
-8.58842188007
-6.52303861641
-7.85709440066
-9.26004459126
-6.77901873983
-9.161056735
-9.93170912022
-11.1332353385
-9.77244412542
-9.15574564955
-7.13257771732
-10.1140026667
-11.1842503775
-10.9483708438
-11.5455505067
-10.4526641885
-9.90159227516
-10.0158923693
-7.08658721899
-10.4445144712
-10.8895980375
-11.152748421
-10.3310696472
-10.8923889935
-10.9212799905
-10.6104282401
-10.4332847021
-11.1842503775
-10.2219177734
-10.2753775618
-10.8521030207
-9.8376592205
-11.5455505067
-10.4151001947
-10.8691701939
-9.74977355505
-11.228786933
-10.5434285505
-10.6104282401
-10.9257224684
-10.559604951
-8.44076704897
-10.5118357308
-9.55584644306
-10.4830651581
-11.5455505067
-10.2792025345
-10.3528949642
-10.4743101243
-10.5923683509
-9.27670505917
-10.5275096657
-11.5455505067
-10.5073931678
-10.8038198433
-10.1951796354
-9.35547635704
-9.66940282405
-10.8951441582
-11.1101740852
-11.1101740852
-10.9081118245
-11.179559872
-9.80800489715
-11.179559872
-11.1332353385
-9.65882770964
-10.8981170848
-11.1332353385
-7.56525177672
-11.1642153001
-10.8951441582
-10.8951441582
-9.33202326143
-11.2374454712
-10.1895054769
-10.6876259802
-10.6859693234
-9.51907850678
-10.8744034769
-11.1332353385
-10.6829532552
-11.1746676956
-10.4950054565
-10.6647332112
-11.1695585188
-11.1695585188
-11.1695585188
-10.5714018444
-9.42986589278
-10.6781565146
-10.6244628283
-10.5564474517
-10.9179545565
-10.7871773648
-10.6261465562
-10.6261465562
-9.74688903782
-11.5455505067
-11.1842503775
-10.2180950594
-11.179559872
-10.2888864843
-11.5455505067
-11.152748421
-11.1332353385
-9.48701987097
-10.965527927
-10.5276470987
-5.75798064058
-7.40268025434
-11.1842503775
-9.94107191529
-9.20760809699
-9.45605290445
-7.99913459442
-9.18006403502
-10.1603070829
-10.4298800614
-8.76962985526
-10.8421457523
-9.24701828914
-9.40068794076
-10.4645983464
-10.8514137208
-10.8800291787
-8.90347680958
-9.97411044041
-10.9179545565
-9.61612257881
-8.5701431561
-8.28926277089
-9.39788329589
-11.1332353385
-10.8886052513
-8.96623799729
-7.84292533736
-8.1760194692
-10.3783150279
-11.179559872
-9.73563239386
-10.3678507237
-6.90479388899
-8.59205657481
-9.32003038683
-11.5455505067
-9.72620556285
-8.79905362618
-8.5995472329
-7.95938349382
-9.09013679587
-9.89666520354
-11.1332353385
-10.7137381524
-10.5886633933
-10.3868576309
-4.62099768636
-7.13672532135
-10.4764597942
-8.14148961964
-8.12083862482
-8.67687093631
-10.4745106625
-6.82223310046
-7.88096351502
-10.3402944948
-10.741419855
-11.5455505067
-10.3023326409
-7.91079598662
-8.37888885941
-9.56894666191
-7.71321473247
-10.1862898915
-9.30728580214
-9.84718986014
-10.9483708438
-11.1101740852
-11.0822847441
-11.0475079041
-9.58032088728
-9.45422243283
-10.3365766507
-9.20648707899
-7.75861393721
-9.50529526479
-10.4498773268
-11.0475079041
-10.2752948879
-9.34726751012
-9.84587382374
-11.5455505067
-9.12585659283
-7.10635611261
-9.56713758618
-9.09119527879
-9.8786429558
-9.7945941283
-10.6781565146
-9.12873454465
-9.99465222421
-10.5302073829
-8.18499929712
-9.48338767938
-9.41601477619
-11.5455505067
-10.8916292187
-11.5455505067
-8.11464342807
-9.92639233875
-9.17138718043
-11.5455505067
-9.32215778696
-9.84445217379
-10.2784479453
-10.5647212536
-8.7071724272
-11.5455505067
-9.84495148255
-10.4063313563
-10.2578082752
-6.35219106712
-9.29537200838
-8.31925557541
-9.93925130175
-8.91745394265
-9.44626754134
-10.1807101513
-7.95553176452
-10.4876733761
-8.43281766915
-9.23208964332
-7.57936146779
-7.45705525207
-10.741419855
-10.6938436531
-7.79829828767
-9.83197773413
-11.1259944538
-9.38677395961
-9.55436258501
-11.1101740852
-6.24883643117
-8.51263486072
-7.64319567805
-8.88727160379
-11.0822847441
-9.76948685854
-10.6838489955
-10.3575717303
-7.34258365892
-8.23544234586
-9.170949981
-9.85609229424
-10.8130369363
-9.04836940919
-8.80018278468
-9.22968145855
-10.1289202581
-10.4909018905
-9.81629386878
-10.0639876973
-8.94541036265
-10.1733116852
-8.60797537079
-5.71025929858
-8.53997014271
-11.0475079041
-10.0526786323
-9.31084686409
-9.91671172063
-7.53968667901
-8.97807452203
-11.5455505067
-11.152748421
-10.1925722622
-8.72316595689
-11.5455505067
-7.59422049198
-10.7283020759
-9.0821755824
-10.1528798391
-10.8038198433
-9.95883018433
-11.5455505067
-11.152748421
-9.80231275757
-9.87773971781
-11.1695585188
-11.5455505067
-8.45318762741
-9.36103237538
-11.1101740852
-10.2252481169
-11.1972438124
-11.1972438124
-9.5981140026
-10.450564478
-11.0022453967
-11.1101740852
-8.83245566774
-11.152748421
-10.0059636984
-10.9637010639
-9.68610100565
-10.7669087521
-9.67091762662
-10.6175760162
-10.9837779825
-10.4399589884
-7.50694125402
-9.55811046218
-10.2096019898
-10.4063313563
-11.0822847441
-11.1332353385
-9.97419886609
-9.79402149466
-11.0475079041
-10.2152240883
-9.90647792591
-9.97045727563
-11.1972438124
-8.75316759521
-10.8038198433
-9.04689922579
-10.6829532552
-10.2811716481
-7.23528497284
-9.63028093222
-9.51173458992
-11.5455505067
-10.6607137101
-9.98756516342
-11.0822847441
-8.62840149439
-9.47310438756
-9.79295722389
-11.1746676956
-11.5455505067
-5.43588807034
-8.0015599769
-10.6229256759
-11.1101740852
-11.0822847441
-9.20793454742
-9.07695919822
-9.66584015213
-10.8800291787
-11.5455505067
-7.0824395169
-8.50428057716
-10.5340758948
-10.632846508
-11.0475079041
-11.1695585188
-10.7426532688
-10.2824112074
-10.4809048968
-8.45534603279
-10.9135100844
-8.45546420179
-9.23572585111
-8.44328473101
-10.2942022052
-9.38359715268
-10.6228423152
-11.5455505067
-9.99528332797
-10.2365440319
-10.6590471555
-9.39186990306
-11.5455505067
-10.5464351803
-11.0188267829
-10.5013620432
-9.94569654454
-10.6465946938
-10.8521030207
-9.54838701769
-10.3414341007
-9.88437210786
-11.5455505067
-10.9837779825
-10.9837779825
-9.26841126654
-10.7067240003
-10.7426532688
-10.137093981
-7.26316679165
-9.2659826107
-8.93406872998
-9.89346247262
-11.5455505067
-9.14534925118
-9.63367347648
-9.80980770075
-8.57596213639
-10.8511984225
-11.5455505067
-11.5455505067
-7.9258144788
-9.99765474938
-10.7269905546
-11.152748421
-10.2753883279
-8.64441058392
-9.83544462973
-10.486603454
-11.5455505067
-9.1475430903
-11.5455505067
-10.8514137208
-9.39932886292
-10.8903728938
-9.96080027704
-11.5455505067
-10.4828967583
-6.70417494255
-8.96789373482
-7.78588097449
-9.32162353678
-10.3619919864
-10.7377479
-9.52869549429
-11.1332353385
-7.92951210045
-9.58579553392
-9.63565724973
-10.7153395663
-5.70197334426
-8.62484867983
-11.5455505067
-9.76627293109
-9.59809747748
-10.0490713406
-10.6781565146
-8.03061013908
-10.5895008164
-9.41770719156
-9.87251020945
-10.6689442316
-7.99283688371
-9.08986992578
-9.87501334421
-11.2051192937
-11.1972438124
-11.1101740852
-10.4409211776
-9.5658115942
-8.8001044287
-11.5455505067
-10.6590471555
-10.4400088507
-10.9081118245
-11.5455505067
-10.2509719515
-10.1539344876
-10.3982365478
-10.3375310399
-11.071592791
-10.7046838916
-9.22233550283
-10.1342582305
-10.04818902
-10.5767056812
-11.1014950158
-11.1014950158
-8.02375250048
-11.152748421
-9.37476791234
-11.5455505067
-10.201080546
-9.87342707442
-10.0166021799
-9.06219129474
-8.6425773077
-10.9837779825
-9.15358496461
-10.8248586437
-10.3428213874
-9.64966946935
-9.64966946935
-8.08394343941
-10.3585323277
-10.2377771308
-10.1270143404
-9.59534184192
-10.8714784081
-6.62704661189
-9.82185645709
-8.74325804952
-8.78528045363
-7.20542109063
-10.1220519166
-9.29977772614
-10.7090407992
-10.6503318182
-9.30525426089
-5.95541624742
-8.12270723381
-11.5455505067
-11.1695585188
-9.34683996258
-8.90366076891
-9.85749915099
-10.2730287754
-7.34538554846
-8.76968971983
-10.2798159307
-10.7910154903
-11.1014950158
-8.29601414205
-8.7226973622
-10.4924833655
-11.1972438124
-10.0164045536
-11.5455505067
-11.5455505067
-10.3242958379
-11.5455505067
-10.795062212
-10.7325381807
-11.1465795481
-11.5455505067
-8.32494935321
-10.4959575338
-10.7773851027
-8.45006152467
-9.465720473
-9.87734111852
-8.57623305098
-11.5455505067
-10.8841207016
-11.5455505067
-7.98654163908
-9.90357863013
-11.2193029538
-9.29627210792
-9.38964136859
-4.57398543917
-11.1332353385
-11.5455505067
-11.1332353385
-6.33280050016
-7.90102117455
-9.05388519836
-8.66138120705
-7.17733559327
-7.00936346891
-7.18902045476
-8.48414637003
-9.00969588301
-9.270305034
-7.31670937634
-11.5455505067
-9.1804794755
-9.02987621247
-8.05117837126
-9.96510010119
-6.08547386543
-9.46307450165
-10.8402525512
-6.38764304886
-9.10875064584
-8.1813543915
-8.62291369413
-10.2661611012
-7.06942996632
-11.5455505067
-6.66829528483
-8.46049604108
-11.1332353385
-8.12268799205
-7.77526959576
-11.0822847441
-10.4313381216
-11.2051192937
-11.5455505067
-11.5455505067
-10.6789634443
-10.8248586437
-10.8248586437
-10.9483708438
-9.46127644305
-10.2619181213
-10.2619181213
-9.8537907855
-4.44439044783
-11.5455505067
-11.5455505067
-11.5455505067
-5.73159293535
-6.20094387855
-7.02326905136
-7.68006736154
-7.7318234659
-6.84031518102
-8.12148603903
-9.79869546234
-7.75480635235
-9.61527944437
-5.47483950476
-8.50031079704
-9.48170753356
-8.89662146023
-4.00277574783
-4.27544232129
-5.31297588997
-5.99811678377
-5.99811678377
-6.01024118544
-5.22250517772
-11.152748421
-11.152748421
-11.5455505067
-6.59022239591
-6.98386890736
-7.56374104747
-8.54231458315
-8.00565489822
-5.96132181023
-8.52139487218
-8.95368362386
-9.43874392467
-3.13200317096
-6.85676506281
-7.69338025406
-7.69338025406
-5.72593662508
-8.13612481086
-10.6344542258
-9.11550194957
-8.98613888444
-9.97185492549
-11.1465795481
-6.94772998563
-10.8178179186
-10.61859036
-9.75514320101
-7.93893438539
-8.41435058478
-9.07934173638
-11.152748421
-9.62095801118
-11.1465795481
-10.0554374288
-10.4894556149
-11.1259944538
-11.5455505067
-11.5455505067
-11.1014950158
-11.5455505067
-11.0922230712
-9.20729303557
-10.3055770058
-6.76588523013
-8.9286213009
-9.66171323686
-10.0326590036
-8.80690764549
-8.91894907929
-8.99592804951
-8.32939929315
-7.63403815395
-11.1695585188
-10.8391564793
-7.94043997153
-9.80898107851
-10.6403119233
-9.13562501875
-11.1842503775
-9.28269705134
-9.87712285237
-9.87712285237
-4.55137745396
-11.1332353385
-11.5455505067
-11.1332353385
-7.65489360876
-9.16946303871
-11.215934287
-9.51038558685
-6.13294760018
-6.37373440492
-6.46769469437
-7.1842772121
-7.12583253421
-9.14964803374
-10.242997927
-11.5455505067
-10.0009569739
-5.28612375606
-9.26119155443
-8.91770045643
-4.62650471955
-7.79644107475
-11.0475079041
-9.05205318826
-8.78192994316
-8.92590013915
-7.25823624793
-8.5072954474
-8.26267429768
-8.71136371429
-9.79503569571
-5.97786683929
-8.82044686067
-8.02655468588
-9.49950906612
-9.04927480607
-8.10219650336
-9.63133264478
-10.0023915192
-7.94452637545
-8.78854588018
-10.5673790228
-10.7871773648
-7.67633789325
-7.62828423882
-7.94328025922
-10.0910387766
-9.49304277917
-10.0153631831
-11.152748421
-10.741419855
-11.0022453967
-9.72175829876
-10.4609758139
-9.54227852819
-8.2178347774
-9.94076055971
-10.0580161422
-10.2058643525
-11.5455505067
-9.57946894864
-11.1332353385
-9.31107559729
-7.13683645613
-9.70651716068
-9.76616551495
-9.32345251072
-10.9345933412
-10.421501975
-9.41307502444
-9.77909995268
-10.675385263
-9.25490210791
-7.94530613931
-8.9294676085
-10.4332847021
-10.8183269003
-9.73271232917
-10.1696140752
-11.1642153001
-10.5754208806
-8.54053467065
-10.3400343616
-10.6127929985
-10.9837779825
-9.46501258192
-10.7986058688
-6.4853789162
-10.61859036
-8.4550743316
-9.83602100528
-8.98836713751
-9.54554192128
-11.0022453967
-8.17242281397
-9.04178967864
-8.78755537198
-7.49549951462
-8.04559904147
-8.25165771441
-10.4491353708
-9.27720849854
-9.49374197873
-9.5076020463
-9.67515997366
-6.82312918631
-9.49184936628
-8.23118545069
-9.517532948
-7.8223627675
-9.11699918998
-10.8800291787
-6.66656884886
-9.267155804
-8.28087851434
-8.75951196356
-8.54817027736
-10.9033047142
-9.77284892964
-8.39885570452
-9.58823493945
-8.42379438355
-4.52915025573
-10.7448187409
-9.69116992397
-8.0278105196
-10.5434285505
-10.5974932217
-10.2352429659
-9.15475256431
-9.48607200507
-10.0610343317
-10.0021820443
-10.5853412475
-10.4244965242
-10.063698373
-10.8248586437
-9.50666930598
-10.8026932571
-10.7611732997
-10.105181904
-11.0822847441
-11.0822847441
-7.91702585404
-10.5029657982
-10.8178179186
-8.94908679449
-10.7773851027
-11.1332353385
-9.72706183043
-9.90251186213
-9.82389959007
-6.60572924739
-10.7611732997
-8.70170705102
-11.1101740852
-9.73156436109
-9.95368988898
-10.9394147031
-9.63126905357
-8.91084126454
-8.04712522893
-11.5455505067
-8.35129471034
-9.96270683978
-8.8074121445
-9.26977968866
-7.0633698139
-11.1332353385
-10.712935737
-9.24596585437
-10.8038198433
-10.6838489955
-9.80034377955
-8.38026361202
-10.5367503999
-9.93884415264
-11.1101740852
-10.7871773648
-9.83288676619
-6.32224666657
-9.26194637572
-11.0822847441
-10.0006747498
-11.071592791
-9.35771928778
-8.3726920424
-7.13381049073
-9.29962331621
-8.5341411378
-9.69007679474
-10.5728375747
-10.3718374277
-9.80345098547
-5.41626818483
-10.3081036515
-8.47308770545
-8.4395108579
-10.6007832374
-10.3254031372
-10.0176313373
-7.96630414742
-6.59490180869
-8.99026497247
-7.04808802543
-9.63917836884
-9.24047548654
-9.00469122633
-8.89050574169
-8.92628613926
-11.1400853985
-9.95729629034
-8.04266959379
-10.1561869103
-9.84495148255
-10.0792134379
-9.33016235595
-10.2551016223
-9.40126486816
-11.5455505067
-10.6551658011
-10.285458086
-10.9122151814
-9.39844321063
-10.8248586437
-9.18093438167
-10.4880990029
-9.94230714146
-10.522992534
-3.87380566457
-9.61599660492
-8.42606296759
-8.98353350089
-10.1020806954
-10.5434285505
-7.13546120944
-9.78803460387
-10.3991185119
-11.1101740852
-10.5647212536
-8.2684004851
-8.40221340818
-9.85925713271
-9.11659752921
-11.5455505067
-11.0022453967
-11.0822847441
-11.1332353385
-10.2077741541
-10.7669087521
-11.1101740852
-8.88924167687
-10.7165645263
-9.38212396056
-10.7611732997
-10.371191501
-9.87217543782
-8.27213011343
-10.3344960553
-10.7611732997
-8.89510148054
-9.53089855587
-10.1921326617
-8.55828938435
-9.89189640522
-10.4932195153
-8.98127350826
-9.54505831763
-5.86337242994
-9.71934795213
-9.19582274777
-8.20436067426
-10.0862956591
-10.2442294106
-9.09744689009
-7.35192899121
-7.35475646988
-9.66033987887
-8.48246983581
-10.264843559
-11.0822847441
-7.73624995218
-9.7400443364
-5.47515044657
-8.99826208429
-9.2307996957
-7.38678005523
-9.83829101195
-10.2110328064
-10.4041240748
-10.072851677
-10.4968450846
-9.76254098994
-7.00751355779
-9.17756936841
-7.29859520551
-10.5647212536
-8.9152305599
-7.52081764791
-9.56839880735
-11.5455505067
-7.22977458995
-10.7792068676
-9.94193892111
-9.87382420236
-10.2770067193
-7.81736786514
-10.3076193439
-9.52021845393
-10.2141322491
-10.6528914303
-11.0822847441
-10.522992534
-5.43941281299
-10.1989398075
-7.68200928822
-8.50330692444
-10.1201640166
-10.5013620432
-9.36532498782
-8.47538953452
-7.30194012415
-6.52490349248
-10.0819548188
-7.47043775452
-10.2939061853
-8.81889649012
-9.99442217707
-8.21840656205
-9.47372632865
-7.9020712941
-7.91233803615
-9.36478082413
-9.91975060371
-6.30554502371
-10.0559617271
-8.5397100243
-8.94286082121
-10.3587109397
-10.3252061004
-8.19365683478
-8.14804850059
-9.17422347158
-7.21682820094
-8.90194073697
-10.2847014899
-11.0822847441
-9.89994992582
-10.1733338461
-10.5517980024
-11.1332353385
-10.5647212536
-9.12609320873
-6.72911791288
-9.1339194725
-9.26825820425
-9.22378924397
-10.9394147031
-7.46828664972
-8.67214363563
-9.57987794508
-8.4809673499
-10.3678507237
-10.1380983364
-10.4332847021
-9.54983336361
-10.9394147031
-10.229421015
-4.28387150698
-8.29077559446
-9.05556269458
-9.14830307176
-10.3307703373
-7.23471176432
-8.66124245754
-11.0475079041
-7.86119998813
-8.76440361692
-10.8969452888
-6.87269987833
-9.57795846033
-9.41620745762
-10.4231041639
-10.5895008164
-10.1366653014
-8.13387628876
-10.0209357801
-8.13308392985
-8.59038622904
-10.0661816498
-11.5455505067
-11.0475079041
-9.49636654829
-10.807865308
-11.1101740852
-9.84154034933
-9.29135678546
-10.5781782929
-10.1740904076
-10.807865308
-8.04685753586
-10.7670868717
-9.53742907151
-10.0261308334
-11.5455505067
-10.5029657982
-10.559604951
-9.91448268428
-10.3462894657
-10.2358835393
-9.50437345801
-8.73848567038
-8.96483737454
-10.21458371
-10.5647212536
-8.29475766265
-10.5275096657
-9.72866444581
-8.70844177641
-10.5073931678
-7.51962840671
-10.7669087521
-9.92842236848
-8.95498170901
-10.5839325135
-9.08923675562
-8.86779380036
-10.1897505044
-9.63418622394
-7.15643979003
-7.20775768411
-9.9300669504
-5.75196694339
-5.75196694339
-8.57700465619
-10.2406594428
-9.00134169986
-5.80089703879
-9.02816585512
-8.0095479347
-9.90578051666
-8.61026270872
-9.05366299441
-8.00394047082
-8.5940739268
-8.11164006902
-6.54114777634
-10.6838489955
-7.92523868308
-11.5455505067
-11.1332353385
-10.8895980375
-11.1332353385
-10.2518711907
-10.8714784081
-10.7225213435
-8.20821204614
-10.6725865062
-11.1695585188
-7.41711502513
-9.89435650566
-7.55177035843
-9.2922440391
-9.2922440391
-10.4807711036
-10.4807711036
-6.37738292601
-9.47228183047
-7.95590137154
-9.14958448261
-9.19315234546
-10.3822377118
-7.14799564014
-8.56897741364
-9.18824211507
-10.9293595317
-10.6360405465
-10.3831578267
-10.9394147031
-9.90641994462
-10.522992534
-9.3584296909
-4.32210531985
-8.36570496539
-8.98553361459
-9.46410757055
-10.8514137208
-7.44597638309
-8.6626386704
-10.3142169961
-8.33968437169
-9.35155806865
-10.388636766
-6.50227688237
-9.51522017765
-11.5455505067
-11.0475079041
-9.50261727171
-8.04815014408
-8.89626339898
-10.7313329194
-8.35217557767
-9.29269006586
-8.31630528022
-11.5455505067
-10.5517980024
-10.3302654468
-10.6074899974
-10.5728375747
-10.5673610374
-9.47404301052
-7.83276176737
-10.1523845282
-9.76743743943
-10.7910154903
-10.7078946294
-10.5862476515
-10.8421457523
-10.4798382093
-9.94303033242
-10.7871773648
-9.20909967586
-8.72804996605
-10.9630168284
-10.186993844
-11.5455505067
-10.8841207016
-9.34866976
-9.3798304352
-11.152748421
-10.4615644241
-9.75990172253
-10.6074899974
-11.5455505067
-10.6838489955
-10.0023712819
-8.83431383429
-9.55000434486
-9.5141414075
-11.1101740852
-10.0744321251
-5.97157045696
-9.47273101071
-8.7339502931
-7.29486373487
-9.31136558724
-9.319534115
-9.56019262495
-9.73166704711
-9.87541633321
-9.90408042788
-7.40018381239
-9.45159720181
-11.1332353385
-8.03833897138
-7.49805323985
-7.5279786694
-10.5567651436
-5.82681737752
-5.82681737752
-9.78223037296
-10.5459423819
-10.3919326341
-8.46786179456
-10.3252061004
-6.63566794899
-9.60683944396
-8.03193891168
-9.99813737279
-8.88967124173
-11.0475079041
-8.49125657247
-8.90398038711
-8.96085287311
-8.03512840856
-7.71371732239
-10.2930073447
-11.5455505067
-10.8514137208
-9.49826250045
-8.31339520472
-11.0822847441
-11.152748421
-7.67005173361
-10.348114468
-10.9394147031
-10.6838489955
-7.99366339665
-9.87722307697
-9.30376040326
-10.9394147031
-11.5455505067
-8.56227030696
-10.1381449202
-10.1839158805
-10.3999665886
-10.5187677118
-7.56411461794
-9.60048092648
-10.0163752391
-8.62491787044
-11.0822847441
-10.2464064794
-9.85251750399
-9.60880354009
-9.62601546245
-5.60515386048
-11.0338334175
-8.7601705894
-11.0475079041
-10.4020388664
-11.0822847441
-11.0822847441
-10.8421457523
-9.7490019744
-10.1512547701
-10.5029657982
-11.0822847441
-8.29516086697
-10.807865308
-10.7269905546
-11.5455505067
-11.0475079041
-9.57071887163
-10.5083690927
-11.5455505067
-9.09651205616
-9.70369359097
-11.1259944538
-10.0282750049
-11.071592791
-11.1259944538
-11.5455505067
-8.49429386593
-10.0676378984
-11.5455505067
-9.97098095808
-10.4745494044
-10.2706973194
-9.76915618654
-7.98800909311
-10.614575986
-10.7611732997
-9.62405262103
-10.3267683466
-11.1972438124
-9.65930177994
-9.49743516485
-9.89800110836
-10.0187639737
-11.5455505067
-10.4793558655
-6.35163790811
-10.5148162465
-11.1101740852
-8.85151767502
-9.64486355101
-8.24444555505
-9.98128297671
-11.5455505067
-10.5367503999
-11.1259944538
-8.35202246627
-8.91598241567
-7.91350603606
-10.9394147031
-9.49438575464
-8.74841946428
-11.0338334175
-9.65257919231
-8.6841828287
-8.70572688082
-11.228786933
-7.93985908862
-7.93985908862
-8.96101208011
-10.2399724112
-11.5455505067
-10.0369011934
-11.0022453967
-10.7078946294
-10.4807711036
-9.15807831915
-11.152748421
-11.1972438124
-10.6469450522
-9.83316079462
-10.1897505044
-10.1897505044
-9.81216668325
-11.1695585188
-10.3150214178
-10.741419855
-11.1101740852
-8.86610683781
-10.712935737
-11.1695585188
-9.04149771886
-11.0822847441
-4.22541613135
-6.76733855168
-8.44647115725
-10.0023915192
-7.34195880678
-8.49688676996
-9.72918552324
-7.42965670235
-10.3717174586
-8.54061293457
-10.6070569041
-10.3049193877
-10.0585269205
-10.2636782116
-9.57119970226
-10.7269905546
-10.5728375747
-8.76377595178
-9.82555275024
-9.30087527986
-11.1101740852
-10.0580161422
-10.1650371762
-10.8421457523
-8.49724442562
-9.86534633482
-9.6230665941
-10.8026932571
-10.2776213316
-10.0678281301
-9.95560397981
-8.52305166188
-9.06433323169
-10.9837779825
-10.1173360625
-10.3142169961
-6.9248691427
-8.60893773153
-8.20662670458
-11.5455505067
-8.91928267545
-10.378761736
-9.52208512668
-10.559604951
-8.65173687067
-5.58790586226
-9.93902104911
-7.68251371057
-8.29802894653
-10.614575986
-9.20409415768
-8.36201686569
-8.55297052818
-6.64973707475
-10.4615644241
-8.03887719039
-9.4151434039
-10.2392496784
-7.98547088055
-9.25432973008
-5.65960625711
-10.2545160867
-7.82893172536
-8.26777218027
-9.4134507478
-9.38326689148
-11.5455505067
-9.55664751161
-7.33707720053
-8.7184351845
-6.69077252579
-10.7078946294
-9.51060484967
-9.096381407
-8.45151629656
-9.00454722945
-8.15989758175
-8.22901112285
-10.4561545908
-6.07530317702
-6.07530317702
-10.0377671742
-10.5367503999
-8.05983413927
-9.9667323384
-9.63314253533
-11.0475079041
-9.36236008392
-10.3933773851
-10.1309109495
-9.42410462277
-8.07825115807
-10.2391688053
-11.1332353385
-10.5895008164
-9.79534516732
-8.98148020639
-10.6243555986
-10.3007273055
-9.25473476099
-9.43590297326
-11.0822847441
-11.0822847441
-7.38761693403
-11.0822847441
-7.96886788619
-9.20261915453
-9.25024609707
-9.77896695573
-10.7773851027
-8.63852799377
-10.1042513779
-10.2894588117
-11.0822847441
-11.152748421
-9.97682379438
-10.5388391017
-5.95143617137
-5.98872727171
-10.1312299814
-10.0662132822
-7.49566047646
-7.89018443917
-10.5283054045
-10.3703945095
-9.45796363952
-10.8325309862
-11.0475079041
-8.66039300421
-9.01234813743
-10.0574437671
-9.33029444393
-7.21890045896
-9.31902827164
-9.64319456614
-9.16224356996
-9.16224356996
-4.38327229174
-4.38327229174
-6.84118595781
-6.70966770288
-7.39062007835
-8.18477994384
-7.55943483991
-8.40218013351
-8.31106242313
-5.97016994042
-11.071592791
-9.098901691
-8.76558286171
-7.3352518339
-8.1328732262
-7.05700767838
-6.53804756802
-7.25292405147
-4.6050563867
-11.152748421
-11.152748421
-11.5455505067
-5.32530810633
-11.5455505067
-6.50496189498
-8.57301297567
-7.25446955247
-6.30070376548
-9.64487641868
-6.45487165782
-7.0391093958
-8.48337809806
-9.29450638325
-8.99016269106
-6.65711712602
-7.63490983918
-9.28778003875
-7.45957329722
-10.3597156143
-6.47170066525
-10.1426492078
-11.5455505067
-3.99928060713
-10.5353308166
-11.1695585188
-10.7170996558
-6.61144634017
-11.5455505067
-7.61582846363
-8.86992918533
-9.9611940976
-7.84389726276
-10.2649265355
-5.6984232176
-6.00409818652
-7.33866788836
-7.82814990697
-8.2500981592
-7.6451125031
-8.45053844281
-9.56034969079
-9.021942597
-10.2700097702
-5.30217690949
-8.74135144048
-9.51681504023
-5.71851891413
-11.1332353385
-9.1175855228
-7.01747536449
-7.46149160317
-10.5766875273
-6.59694553578
-5.70717698148
-11.5455505067
-6.53970918205
-7.15589990699
-9.18713613667
-7.75996651486
-7.84950541069
-11.1259944538
-5.65317902963
-9.44171212811
-11.5455505067
-10.13983202
-10.2392496784
-10.6590471555
-7.18564210718
-10.4445144712
-10.2753775618
-9.8376592205
-9.74977355505
-8.57906301317
-9.27670505917
-9.52035205582
-11.1101740852
-10.4060158005
-9.97704009699
-9.89008051502
-7.56525177672
-11.1642153001
-10.8951441582
-9.33202326143
-9.51907850678
-10.4950054565
-10.6647332112
-10.5714018444
-9.42986589278
-10.6261465562
-9.74688903782
-10.2888864843
-9.48701987097
-10.4562566827
-10.8691701939
-10.2561809247
-10.8951441582
-10.8620805672
-10.0807244918
-10.1376320589
-11.5455505067
-10.5340758948
-10.0964529925
-11.152748421
-10.8421457523
-11.1101740852
-11.5455505067
-11.5455505067
-9.12676185108
-11.152748421
-10.5755523617
-11.1972438124
-10.4346386017
-10.3585657863
-10.8325309862
-11.152748421
-11.0475079041
-11.0475079041
-8.17462895663
-11.5455505067
-9.34992952386
-11.1642153001
-10.9179545565
-9.69478040581
-10.5626606877
-10.2294200907
-9.91548043026
-10.3079285611
-8.91549958704
-10.5083690927
-10.7165645263
-11.5455505067
-10.3933773851
-10.5895008164
-10.3245552707
-10.186544284
-10.8391564793
-9.21150910265
-9.34736867571
-6.90330761381
-9.8007463373
-9.8407251924
-8.91536676201
-10.1393041963
-9.31671318827
-10.4517813308
-8.38330029395
-8.88094954738
-9.16482525018
-9.41968877187
-9.08969335181
-10.8248586437
-10.341087956
-10.904859459
-10.8178179186
-10.8691701939
-9.12769765021
-10.904859459
-11.152748421
-10.0074120315
-11.1465795481
-10.6590471555
-3.08999819709
-5.82525357327
-7.45855400773
-8.06588040574
-9.24701828914
-10.4645983464
-9.02601595255
-8.5701431561
-8.32541368509
-7.94703087598
-6.95461521021
-9.38015468078
-4.83800628145
-11.1332353385
-6.72842394526
-7.20795053294
-8.50473345584
-7.58932841626
-6.1330399695
-9.5188350701
-6.60751460748
-6.37088958551
-9.61607456095
-10.8543469828
-11.5455505067
-10.3159312988
-10.0846872453
-10.7611732997
-10.4081546671
-11.5455505067
-7.52467213121
-7.74784777094
-6.91112672062
-9.52993275058
-6.11225529863
-6.13662067103
-6.96929851818
-7.59314711447
-7.71497065988
-6.5014124646
-11.152748421
-8.63675585368
-8.48277676736
-6.83683650019
-9.75812600343
-5.13899136306
-8.46085278231
-9.11053482946
-9.10800977217
-5.38197977312
-11.5455505067
-9.50363453726
-7.11435631684
-7.11541108252
-10.2087175528
-5.90261539556
-8.95963925209
-5.75299291742
-11.152748421
-6.50919502721
-7.80271045598
-9.16161437794
-7.75889615926
-7.21664120023
-10.4615644241
-4.29857919749
-10.5353308166
-7.20230810892
-6.00699505891
-7.33866788836
-7.9824450946
-5.33544580754
-8.80700105381
-5.96077452621
-6.29977207558
-8.06284167095
-9.1892684394
-9.92458007937
-10.3211773306
-11.5455505067
-10.3978077182
-10.4886501874
-9.73944626629
-9.75746439134
-7.50869832214
-8.55402733939
-9.9800907141
-11.5455505067
-10.7346202904
-10.6048338949
-11.1842503775
-10.679629722
-9.31306617218
-9.66314848421
-10.8951441582
-10.3488135643
-10.1356841157
-10.3211773306
-11.5455505067
-11.5455505067
-10.3528919695
-11.2088494501
-10.3978077182
-10.1164560702
-11.5455505067
-10.8804040276
-9.23736225089
-9.39888236077
-11.5455505067
-11.2088494501
-11.5455505067
-10.903995357
-10.3637079401
-11.5455505067
-10.5154651938
-10.0490521872
-4.26387095993
-6.82601502743
-10.4807711036
-8.45824557872
-7.80961356367
-7.78555384184
-10.2302055142
-6.66153612044
-7.74298264395
-10.5073931678
-10.3544781675
-9.75069081027
-7.76026673532
-8.60418320672
-9.00744091763
-10.4170553254
-6.41134105988
-8.18448415291
-8.59120971597
-8.61885047226
-9.35788950594
-8.54264473885
-9.76687628654
-9.6510062672
-9.31420963516
-11.1101740852
-8.11150589092
-8.80978220949
-7.37473653499
-9.94576344981
-9.06712378003
-9.4362062153
-10.7426532688
-9.85525438471
-9.55352144011
-8.9134777963
-8.11908162845
-10.6711470913
-9.74159602232
-9.87540129791
-10.2018922296
-9.80023742263
-10.6243555986
-11.5455505067
-9.38295361186
-7.42127200281
-10.3991185119
-10.1793486896
-9.89996443045
-10.2764640543
-10.8391564793
-11.152748421
-10.2414158016
-7.86830439451
-8.32460373314
-9.92882090247
-9.53086447582
-9.19541474943
-10.522992534
-8.17967083192
-8.97751558815
-10.6243555986
-10.4817596715
-9.57810021671
-10.3373532966
-11.152748421
-5.8902712203
-8.48203072403
-8.41327285988
-7.17171172756
-8.89520626211
-9.0871997696
-8.25929781844
-9.89794361646
-11.0822847441
-8.56341985423
-9.30121120465
-7.73367423899
-11.071592791
-9.098901691
-10.068532069
-9.87075810073
-6.89861845547
-9.9194748463
-8.46094596169
-8.78229614383
-10.7031763548
-10.8421457523
-9.04420070182
-11.1465795481
-10.7773851027
-8.17527482388
-9.83715921102
-9.8596794935
-9.0346979146
-9.71716585141
-11.0822847441
-9.57828981658
-8.40900258295
-11.1101740852
-10.6756176932
-8.09423127379
-10.3081036515
-8.41504380083
-9.84311186951
-7.04441615524
-11.0822847441
-10.0660566703
-7.12395207487
-9.27022697814
-6.48995378489
-8.16249300305
-7.70745221616
-8.81487920482
-9.09840587655
-8.16830602803
-9.18739735818
-8.90562113377
-10.4429275005
-7.1557780459
-9.59716402868
-9.3845774737
-9.02831139132
-8.57673548845
-10.2398196432
-10.0941433679
-9.45166476121
-10.1339180749
-10.7905441266
-8.63015611272
-4.36174555179
-9.50623328461
-10.6611247376
-10.5825747859
-11.1695585188
-8.19203829925
-9.25795349451
-10.8800291787
-9.49754206133
-10.1806940312
-8.59320182606
-9.99079275603
-10.2049615673
-8.93542296547
-8.44287747384
-9.90619671874
-10.1510256915
-8.63649633696
-9.24495632828
-7.14533399605
-9.23004187571
-8.3491489444
-11.152748421
-8.84899187337
-8.53146496547
-4.84140140198
-7.64316962983
-11.0922230712
-10.741419855
-7.61824915291
-8.4405517945
-8.55509728192
-8.64595459036
-6.89648807511
-10.2776213316
-7.05293808039
-7.64188598463
-5.9285865672
-9.6065018956
-9.9915086487
-10.8519240746
-10.6389809856
-6.01661828183
-11.179559872
-9.04183720736
-9.33493764918
-10.614575986
-9.96410325456
-9.71769150777
-8.3069034894
-6.33853374069
-11.152748421
-9.52286485089
-10.4340224248
-10.8916292187
-10.6635312527
-10.6274528094
-10.1855252594
-4.82868898406
-10.1040155776
-11.5455505067
-11.1259944538
-10.8865355128
-7.97744825643
-8.86499952158
-10.6285616383
-9.97152124527
-10.2001948801
-9.5818026659
-8.45899630116
-9.53379473832
-10.6590471555
-9.77199279561
-10.1495520793
-9.33355340177
-10.3151614949
-10.6963055117
-8.70949984595
-9.34395773774
-9.83453082591
-10.646033407
-7.37163804126
-9.06180219186
-9.19402725215
-10.1975264454
-9.20021009486
-8.48008857507
-5.1046303553
-7.56363671259
-11.5455505067
-7.71179740808
-8.81281214416
-9.87137822424
-7.23582081953
-7.50132150711
-10.5895008164
-7.36945646423
-7.93145900823
-6.57783138985
-9.31771355078
-10.904859459
-10.9081118245
-8.1401765706
-11.1101740852
-11.1101740852
-11.1842503775
-8.3590637174
-9.9696339356
-11.1746676956
-10.0670968083
-6.34394006372
-10.5015684256
-11.5455505067
-9.84289084568
-11.2088494501
-10.5488950603
-10.0697067775
-11.152748421
-10.6635312527
-9.91027310998
-10.8227502856
-10.8421457523
-10.6890738713
-11.5455505067
-11.1465795481
-8.59665259395
-10.3436570081
-9.86266003623
-10.2238187377
-6.58765235299
-9.31106297553
-8.5863163887
-9.9869484314
-10.3197643323
-9.98447455633
-9.66555896946
-8.52768935418
-8.66851607067
-9.49341967706
-7.5506310958
-11.0188267829
-10.523473112
-11.2374454712
-6.82852887622
-10.5067795718
-10.5421920271
-10.4527151874
-10.3911135292
-11.1332353385
-10.7306900213
-8.88536814057
-10.5100295092
-11.1842503775
-10.3135075628
-10.8969452888
-11.1842503775
-10.4001148134
-10.5179629602
-10.9394147031
-11.1695585188
-11.1972438124
-9.8553058109
-11.1332353385
-10.6770172248
-11.1101740852
-9.26428511401
-10.7379528488
-9.99863245124
-10.7142125641
-11.1642153001
-10.4517813308
-8.32865591325
-10.2278225013
-10.2480322274
-11.5455505067
-10.8969452888
-10.6655595927
-11.5455505067
-10.2458771967
-10.6547111999
-10.3745898652
-8.88094954738
-11.1332353385
-10.0443515163
-10.3996548616
-10.3956787946
-10.429314466
-9.16388963645
-11.0822847441
-9.42364963035
-10.8951441582
-9.08625012452
-10.3188025853
-11.5455505067
-10.904859459
-10.2613285819
-10.6418945836
-11.2088494501
-10.5714818079
-11.5455505067
-10.4080172965
-11.152748421
-10.7225213435
-4.3214755343
-6.70933461808
-10.6340585253
-11.1972438124
-11.5455505067
-10.8421457523
-7.71973963737
-8.52907376826
-10.239580615
-5.71282532124
-7.37418696811
-10.88735555
-9.31643786083
-9.6774350371
-9.90493812394
-9.28121404575
-6.48003077625
-7.69457988452
-7.97832362413
-10.3638346424
-10.3234439616
-6.99086359251
-9.00962704035
-8.55408109091
-10.9137974562
-11.0822847441
-7.89931177376
-8.59921128893
-10.3043675194
-10.8494465429
-9.21395417577
-11.5455505067
-10.1684579358
-10.7448187409
-9.68228162942
-10.6969793674
-10.707093603
-8.34979347106
-11.5455505067
-11.5455505067
-11.0475079041
-8.2225718092
-8.91043834982
-10.0485532686
-10.2519115675
-10.1277854883
-10.633178427
-8.80438949763
-9.92025285854
-11.1842503775
-9.98098445577
-5.41121593255
-8.18533824756
-6.97584239221
-11.1465795481
-11.0475079041
-8.28919158943
-8.1411442799
-9.31625147299
-9.11306905387
-7.33536087666
-9.86244669144
-7.72554421873
-8.04671711894
-9.84773780852
-6.60915994672
-10.3570574779
-10.5239838096
-10.2419249848
-10.522992534
-10.0678010144
-6.86604500202
-8.90973090775
-7.31606703552
-10.4429275005
-10.8514137208
-10.6261621303
-7.46820174072
-10.9564175032
-10.6073699951
-10.7729656982
-11.071592791
-8.60261817611
-10.9120432543
-11.5455505067
-10.8367895649
-11.5455505067
-10.6766837667
-10.5433623426
-10.1207610203
-11.1842503775
-11.1642153001
-10.3435307546
-10.2934876444
-5.05004877075
-7.82575513212
-10.5673610374
-8.84816260525
-8.73620811666
-9.73220856654
-7.14316552388
-8.36423943446
-10.5357463943
-11.5455505067
-10.2274014765
-8.53814211493
-8.43387730986
-9.26571623003
-7.35633404252
-10.2899245139
-9.46664953121
-8.3171743535
-10.2121991914
-11.0822847441
-11.0822847441
-9.52885454238
-10.6890893291
-9.00735819279
-6.33465496349
-8.70364434723
-7.740774875
-9.71592614834
-9.95325669246
-10.741419855
-10.5018444081
-10.1340859198
-8.38267798553
-11.5455505067
-10.1092909318
-10.3263941968
-7.6601061392
-9.04309119071
-11.1695585188
-9.90955246251
-9.87109225531
-10.9017499104
-9.63425345453
-10.5126678043
-8.3252331398
-11.152748421
-9.34041422401
-10.4715732012
-9.28105115527
-10.4622535236
-9.51176029957
-10.2226435533
-7.08207349215
-9.41200182763
-8.82219040924
-9.84609698829
-10.741419855
-10.0869158543
-9.04740407169
-9.38270680249
-9.6986677404
-8.22063647806
-11.0822847441
-7.92083380284
-10.7078946294
-10.9394147031
-8.46456023811
-9.6657064736
-10.1849541153
-9.73120275122
-10.7225213435
-10.6503318182
-6.92110913576
-8.22935398561
-10.7871773648
-9.36576786783
-10.7669087521
-8.21367059275
-9.33064618677
-9.88935894706
-10.2465696851
