6.56934151786e-05
0.000411414377169
0.0
0.0
3.17680709402e-07
0.000102202256124
6.9450172281e-05
6.47308960102e-05
2.68211769677e-05
2.72887014385e-05
5.54346226826e-05
1.70729580958e-05
9.88649338492e-05
0.000665563823779
0.000201025496641
3.94116479829e-05
1.14851193731e-05
3.43173150381e-05
1.82967309085e-07
0.0
2.71837144927e-06
2.46626441969e-08
0.0
0.000165473454361
0.000129329111814
1.42714501086e-05
2.03877858695e-06
5.03215376347e-05
2.76083727361e-05
6.98552669809e-05
0.0
0.000440915910456
1.73768363256e-05
0.0
1.76117136698e-05
7.71429735602e-07
0.000312492746723
0.0
5.27802514226e-09
2.80000338424e-05
0.0
1.7785068512e-06
9.39045234845e-05
0.0
4.55327217752e-05
0.000132393784096
1.8917300905e-05
4.75715003622e-06
3.59234712922e-05
2.28472420099e-05
0.0
7.20487697555e-07
1.58715782675e-05
0.0
3.29051522926e-05
0.000250646522824
2.16234092555e-07
0.0
0.0
0.0
0.000479670257935
6.79938976942e-05
0.0
0.0
2.1407175163e-05
2.3393538343e-05
0.000148051136024
0.000146499204045
2.68111306866e-05
3.2509094694e-05
0.000170156073093
0.000105975803748
1.80630096301e-07
0.00012915628532
4.72760252046e-07
0.0
0.0
0.0
5.02093976225e-06
3.60532670488e-05
7.35165091456e-05
2.70971827679e-05
6.18346966255e-05
4.65373373108e-07
2.47124677206e-07
1.1676640998e-05
4.25005807501e-05
3.4027653915e-08
2.44558167281e-05
3.63701250014e-05
4.24589026652e-05
1.05182440736e-05
5.21879661833e-05
8.49234539753e-06
2.15158061998e-05
0.000176286445798
5.93627879904e-05
1.48640173045e-05
0.0
2.08511446393e-06
3.49270935252e-05
7.92585410509e-06
1.12685979263e-05
4.70165866564e-05
0.000555694870967
0.000323636700861
5.77270245385e-05
4.7594986281e-05
5.66379734801e-05
6.27316488292e-07
3.37982539349e-05
5.41075447179e-05
3.30320384566e-05
0.000107490565262
0.000147404594732
0.000225852181204
0.000378504572907
0.000239361893296
0.000477446152486
1.5064308448e-05
0.00076145930356
4.21020885149e-05
0.000390938779185
0.0
0.000881644454625
0.000445484361868
0.000127408156795
0.000280268127934
8.39540655725e-05
9.00358026069e-05
8.64936370221e-07
5.60748794791e-05
0.0
5.2542902935e-05
0.000274053972171
0.0
0.0
0.0
4.20376269928e-05
0.000194213733234
6.79592862316e-07
0.0
7.5369891298e-05
1.82614193062e-06
0.000187790061377
2.28343201738e-05
0.0
0.0
0.0
1.42714501086e-05
0.0002544399295
9.86471019165e-06
1.24543112471e-05
0.000165463625633
5.73378875727e-05
0.000111638786119
6.39523027023e-05
0.0
3.65125225448e-06
0.000139217794964
2.37857501811e-05
0.0
3.17143335748e-07
2.13089166202e-05
2.09194646914e-05
1.40942582828e-05
0.0
9.59921195328e-05
4.08168454416e-05
5.74368809507e-05
2.37374191938e-05
0.000535610726211
2.22679927886e-05
0.0
6.51206435389e-06
1.63579194228e-05
0.000284922770855
9.4497874651e-05
0.0
2.65485984265e-05
8.48191509869e-05
8.03779332937e-07
0.000132156886051
1.1760623023e-06
0.000156762388441
1.11096271553e-05
7.824104447e-05
2.69909221913e-08
3.37797628622e-07
0.0
3.72737986934e-05
3.41122466012e-06
2.07906504187e-05
0.000334821316332
1.57301643074e-05
9.54947479067e-05
4.06594020189e-08
6.69104313697e-07
2.15657468308e-05
2.87614389288e-05
1.87564029507e-05
0.000170403149259
0.000231804836982
5.7916396913e-05
0.0
1.4480714018e-05
8.01418158748e-06
1.90777731293e-05
3.75124963137e-05
2.16234092555e-07
5.93861193049e-05
2.88775601908e-05
6.22250260337e-05
2.49750376901e-05
0.0
2.37857501811e-06
3.69779444514e-05
5.47884722887e-05
1.72775233632e-05
5.33328675533e-05
0.0
2.85429002173e-06
3.17571508972e-05
0.0
4.3903500198e-05
5.76709545553e-05
2.07584728853e-05
5.11817412489e-05
5.94135686078e-06
0.000228487693519
2.59508804154e-05
0.0
2.02307669164e-05
0.0
1.48128206939e-06
6.0111407969e-08
3.39796431158e-06
4.75715003622e-06
1.44594226018e-09
2.80456371473e-05
1.48185842358e-06
1.42522587022e-05
8.26000733976e-05
1.05336893659e-05
1.50303909685e-05
3.92822770494e-05
4.8990731445e-05
1.67941428796e-05
2.28953745058e-07
2.3353281996e-06
1.40519629353e-05
4.67991150714e-05
4.45968211322e-05
3.83711275294e-05
3.47202782925e-05
1.54970952101e-05
2.6234283288e-06
3.72817400969e-09
4.29667798122e-05
0.0
3.6789989539e-08
1.01490378123e-08
2.39518760857e-05
5.33823966659e-07
1.69802609416e-05
2.57531371946e-05
2.25103930234e-05
0.0
0.00621355391692
0.0
3.26390130154e-06
6.11633576085e-06
1.47471651123e-06
0.000125521566251
2.59480911066e-07
4.75715003622e-06
1.90286001449e-05
1.03561182395e-08
2.983969156e-06
1.47471651123e-05
1.43736411206e-05
3.99138443692e-05
0.0
4.25234663782e-05
2.32059945324e-05
0.000101005167648
1.28443050978e-05
5.46193262957e-05
5.35455128609e-05
0.0
3.45974548088e-06
2.39192675205e-05
1.10094043695e-05
3.35798826086e-06
0.0
2.08611095892e-05
0.000111643184831
0.0
2.54393050065e-06
2.37250750685e-06
0.000132222291883
4.22515597414e-05
2.00860765108e-05
2.81303726542e-05
2.9163931672e-05
3.50909468012e-05
7.71429735602e-07
2.85475323011e-05
0.000149584123756
2.69610892447e-05
1.21110660527e-05
0.0
1.7244173761e-05
0.0
4.39845209689e-05
0.000181932933261
4.03257614713e-06
8.6529564115e-05
6.58074854141e-05
3.64695047056e-05
0.0
2.17091389886e-05
0.000146067535143
2.61643251992e-05
5.82881570371e-07
3.67344302793e-05
1.91735767177e-05
2.45024612888e-05
0.0
1.51214190707e-05
5.79511347187e-05
1.16448693727e-05
6.4493637554e-05
4.63932059189e-05
1.81624719144e-05
3.45560408091e-05
0.000124002319903
2.49715941375e-05
7.57993243324e-05
1.14407980995e-05
0.0
9.29461154314e-05
0.0029169385647
6.75018964725e-05
1.42714501086e-05
6.4079684867e-05
5.22703367006e-05
8.34099947902e-09
5.46962451565e-05
0.000198031807044
1.00234652978e-05
0.000149804397257
8.04995522521e-05
0.000204922485337
8.85707769497e-05
2.66997923293e-05
8.73242415834e-05
0.000294845124978
6.77473739156e-06
5.32656075409e-05
7.92256638618e-05
4.66850663367e-05
2.9838894263e-05
0.0
0.000291828177375
4.06026322314e-05
7.6139607306e-05
0.0
5.48819660889e-05
1.03726001022e-05
5.67323279861e-05
4.44641518978e-05
0.000144467555192
0.00011367648345
3.91704148015e-05
0.000228319157423
7.49403882693e-05
2.03581815027e-05
0.000101119348573
1.02597349078e-05
3.33639979162e-08
4.45383009396e-05
4.57510152401e-05
0.0
1.29213301392e-05
2.825454056e-05
5.35307216272e-05
2.7374130451e-05
0.00418660022022
3.29716345641e-06
0.00010399808327
0.000104199821116
0.000116735256813
0.000154894440558
4.08451629749e-05
0.000110596555146
6.19511601165e-05
1.46056644512e-05
0.00125531190347
6.5494606329e-05
2.46638139142e-05
1.81513075408e-05
7.58811735472e-05
3.10999553358e-05
0.00021094318571
6.41324562027e-05
0.000259076907246
7.21188748751e-05
7.7534987635e-05
0.0
2.40712028477e-07
1.63494359761e-05
0.0
0.0
3.17143335748e-07
0.0
0.000246251229095
4.05026106089e-05
8.60025695489e-05
2.97321877263e-06
0.000109371035417
3.72753917058e-05
2.37837484348e-05
0.0
2.06276421738e-06
2.8201510788e-05
0.000224487845224
0.000155368530866
2.23906177285e-05
1.07672994123e-05
8.26837982485e-07
2.44653430434e-05
0.00011582328408
0.000116100380312
4.31849416267e-05
1.58790387416e-05
3.22755711747e-05
2.50517779812e-05
4.54091594366e-07
3.47308541492e-05
0.000141271501488
0.000586395111893
0.000607168133905
8.19003403898e-05
0.000101251706825
2.59316161281e-05
3.77551590176e-08
3.76241940973e-05
4.19378492752e-09
0.000109232117739
0.0
0.0
4.58009671137e-05
4.86025564981e-05
1.03870836476e-05
0.000128654633981
4.13555870193e-05
3.86749450577e-05
8.19915090205e-05
7.59027064062e-05
0.000498180050853
2.38565411042e-06
1.42984793702e-05
0.000164631251969
0.000102476128586
2.78356768969e-05
1.42714501086e-05
1.89356890858e-05
9.69212857978e-06
3.72098190383e-05
0.00015069806963
0.0
0.000234925054248
0.000403756988451
3.28628842377e-05
3.66787548483e-05
1.76043432996e-05
0.0
3.19510077059e-07
6.30206422913e-05
4.55560639102e-05
0.00189005572511
0.000100824737176
1.90286001449e-06
5.01486820817e-05
8.12830877397e-05
0.0
7.11000966648e-05
6.87561395843e-07
0.000158731662278
6.13959012206e-05
3.34780324474e-05
0.000104450047116
9.29082218384e-05
6.32076514983e-05
0.000109349359632
2.25943371067e-05
0.000101169040153
4.950938103e-06
0.0001923703048
9.64149269308e-05
1.50496401827e-05
0.000216990630502
3.32338997847e-05
0.0
0.000155124564942
3.02982741212e-05
0.0
8.33844379349e-05
0.000190501436721
0.00018326552242
4.76220738064e-05
6.35982625162e-07
5.68348464398e-05
3.279136759e-05
3.42454068681e-05
0.000162203074943
0.0
0.000584870701685
2.91740555424e-05
0.000159369562831
0.0
7.06311897929e-07
0.0
5.37078559934e-05
0.000307341478824
4.9965216646e-05
0.0116109868754
0.000120074985175
8.97060873634e-05
5.85574173357e-05
8.04555430553e-05
0.000115021955608
2.10042441414e-05
0.000105775702054
1.80703682424e-05
0.0
0.00037487733293
4.51714414407e-06
1.42714501086e-05
9.47928916079e-05
1.82175055499e-05
0.000149429871774
2.91423359728e-05
4.04410199645e-05
2.00301054156e-08
5.33017038149e-05
4.393555703e-05
4.51079762363e-05
2.69580220984e-05
0.000205790954445
2.35210333931e-06
0.000103757987601
0.0
4.0513462142e-05
5.53039725671e-05
2.16284778513e-05
0.000150802329048
0.000370999660096
3.71023907997e-05
2.06177034786e-05
1.08734857971e-05
3.82138106074e-05
1.90286001449e-07
3.36702191882e-05
0.0
0.00012174134675
2.21830369933e-05
8.17420174394e-06
9.20994014824e-05
2.37857501811e-05
8.1242181231e-06
5.84894016724e-05
0.0
5.00548337384e-05
4.10914736082e-05
8.74301659243e-05
1.27444805869e-05
7.15329201334e-05
1.03792364427e-06
0.000155920639741
1.84258882499e-05
4.94930832283e-05
0.000622679984944
0.00134710885264
0.0
4.15417117146e-05
1.51124704893e-05
2.03564049979e-05
4.70458969333e-05
0.0
0.0
4.65063556747e-05
0.000253320757478
0.000136663795411
0.000252657499967
1.55908147811e-05
0.000111965852021
9.49454461997e-05
9.29431393639e-05
2.0233630431e-05
9.63980771437e-05
8.58869603204e-05
0.00920328044814
6.19296198389e-05
3.66911409142e-05
0.0
3.95209387624e-07
0.000458836511459
0.000210473934281
8.02359494626e-05
0.00015014074732
6.10703142327e-05
0.0106340707699
0.000145241432321
5.16717080528e-05
0.00120133498641
0.000551962066488
0.000571140552476
0.000354588615691
0.00038816697952
7.46165554258e-05
0.000555946050544
3.48010008231e-05
1.07391139509e-05
0.0
0.0
6.54527734238e-05
2.57261666432e-05
2.65916949383e-06
1.88666760104e-05
0.000229306074472
4.3487953798e-05
5.53935024003e-05
0.000433281776374
1.19978454022e-05
9.53672294731e-05
4.77932591353e-06
0.0
1.29443515183e-05
1.66571042191e-05
8.95786481984e-06
0.000129880742134
1.44717511628e-05
1.90655345396e-05
5.75411044147e-05
3.59353573398e-05
0.0
1.47234506481e-05
4.31637973619e-05
2.36307815792e-05
1.23264836184e-05
0.000350532696311
0.000118981391536
9.15084706798e-05
2.53341677101e-05
0.000161596159193
3.0784454521e-05
5.00793819094e-08
0.000736811767783
5.26572723835e-05
0.000229158387891
0.000125506847783
5.51829404201e-07
7.93778573719e-05
1.90286001449e-05
0.0
0.0
0.000348675324277
4.9197844854e-05
0.0
2.06695293054e-05
8.65335813989e-05
1.14171600869e-05
1.17147151578e-05
4.87652269367e-05
7.74851908122e-05
0.000488910339315
0.000473343795387
0.000222896251815
8.00530804692e-05
0.000207637480253
7.23658088348e-05
1.42714501086e-05
0.0
2.79049835253e-05
0.000138986062021
3.58448723192e-05
1.83465241222e-05
4.01901596836e-05
2.24453065732e-06
7.37940151454e-05
4.25584860406e-05
4.23695707738e-05
8.61537047022e-05
8.54196459424e-05
4.46313616046e-05
3.19133330483e-05
6.58242543154e-05
4.75782748266e-05
2.37763062222e-05
6.13689447716e-05
0.000111558709623
7.95023964472e-06
1.27117598199e-05
8.08203984647e-07
4.82796900529e-05
0.0
1.52298977623e-05
4.75248120092e-05
3.32824065651e-05
0.0
1.46059012632e-05
3.2358107428e-05
0.0
1.40403335077e-05
4.26279016093e-07
0.0
1.67080736837e-05
7.08618908083e-05
3.90327991657e-05
0.000113331971199
0.0
1.36877671437e-05
5.0355010653e-07
5.50735945541e-05
0.0
2.23565291228e-05
1.07539384336e-05
9.39038748231e-05
7.81080940103e-05
0.000194309295936
0.000107422774739
1.71198507021e-05
4.75715003622e-07
8.1551143478e-07
7.4076094404e-05
2.28343201738e-05
3.18860272422e-05
1.52882395611e-05
1.0968036554e-05
1.83490072825e-05
2.72144899603e-05
7.49540695316e-05
5.53169823328e-05
5.49045536382e-05
0.000664077395701
3.36049466264e-05
1.42714501086e-05
3.59790768528e-05
7.45565422295e-05
2.43902013576e-05
4.55788123234e-05
9.13749946129e-05
0.000159374194499
0.000169582225835
4.89580066303e-05
2.82881884067e-05
4.90130609792e-06
0.0
0.000180149330519
1.24344249928e-05
0.000267672831904
5.26396755888e-05
6.76076558319e-05
1.43273802077e-05
7.5505600664e-05
2.09361970086e-05
2.45091330226e-05
1.71060310077e-07
0.000584599920069
5.09887365386e-05
0.000220398699305
2.12296579439e-05
0.000418722096423
4.93791145323e-05
0.000132208130431
0.0
8.22349277806e-05
0.000160008987578
0.000598992485796
3.83551756217e-05
8.53332254943e-06
2.58957764068e-07
2.01961058314e-05
1.40980346368e-05
1.45793671326e-05
0.000100052211655
6.6600100507e-06
5.23562551562e-05
7.24467705362e-05
3.58615925807e-05
2.14640641582e-07
5.17224955668e-05
0.000467550148932
0.000226916611835
2.2610471485e-05
0.000208249988956
0.0
1.29740455533e-07
0.000265217114964
0.0
1.46202435789e-05
5.22652330633e-05
1.70024317367e-05
2.34211437361e-05
1.60412357059e-05
5.77250272362e-05
0.0
4.21564024958e-05
3.99358552201e-05
0.0012293801051
4.17763905976e-05
2.28216765857e-05
5.20642391571e-05
5.26506329122e-05
1.28443050978e-05
4.92346501622e-05
7.08078528501e-05
0.0
6.93349802849e-07
2.36108549592e-05
0.0
3.00451581235e-06
0.000106433041427
3.15604668536e-05
2.37857501811e-06
1.90286001449e-05
0.000907498810164
3.1543366817e-07
6.23077470906e-05
4.46587075498e-05
1.49084244355e-05
3.58861966145e-05
2.49632245299e-05
0.000130691085672
0.0
2.06834604207e-05
4.69766281802e-05
0.00173799265239
5.2217158612e-05
0.0
6.11633576085e-06
3.10343347577e-05
0.000268938601198
7.94727233775e-05
1.9940465736e-05
7.19606035031e-05
5.09200241472e-05
3.90595848452e-06
7.02644729179e-05
0.0
4.53779113211e-05
0.000226696545391
1.09780385451e-06
0.000230084508368
2.39169819062e-05
2.66975223353e-05
3.65880688846e-05
5.77396238586e-05
4.86674363516e-05
0.0
3.99202176202e-05
8.80428878262e-05
5.43674289853e-07
1.19950642791e-05
0.0
0.0
4.71169720561e-05
0.000131535946646
2.84125162117e-05
2.83636365008e-05
0.000103152277523
0.0
5.2532729196e-05
8.47124972028e-05
4.1952214143e-05
2.2082201591e-05
0.000584702948316
0.0
0.000229583461806
2.16962875376e-05
6.70717677065e-05
2.56023541784e-05
0.0
6.05479978187e-05
0.0
2.64125923793e-05
3.79526475417e-05
1.80792577267e-05
9.51430007243e-07
0.000271607262508
1.65077172197e-05
0.000266228685963
3.55056340022e-05
7.10291712304e-06
6.72115589948e-06
8.24463262954e-05
0.000225464548098
1.43988364792e-07
1.36227685701e-05
4.09237046257e-05
5.72914075916e-05
0.000128253429583
1.70233453201e-05
7.9320691491e-05
9.32774516905e-08
6.77238655582e-05
0.000121093793811
5.58721119547e-05
0.0
0.0
1.0221336205e-05
1.42714501086e-06
2.46252472463e-05
1.31231725137e-05
2.01860793809e-05
9.71907179576e-05
2.71087593976e-05
9.83121170787e-05
5.25307093931e-05
2.00207960522e-05
1.7967989645e-05
0.000230326455015
0.000221072172423
0.000106988608048
1.41146209866e-06
0.0
2.37857501811e-06
4.30618991499e-05
3.58280657334e-05
1.40167894866e-05
1.71089469529e-05
2.6856817096e-05
0.000188353011003
3.53891056875e-05
5.5869243725e-05
0.000118253352149
0.0
2.1755259312e-07
2.39075348989e-05
1.67266082392e-05
0.000294162654412
5.13336864944e-05
0.0
0.000206111741711
3.68415111259e-05
8.65181543914e-05
3.24288634503e-05
6.39761021066e-05
4.75715003622e-06
0.0
6.97304180486e-05
5.80377086789e-05
2.26664207608e-05
0.0
0.000472138441098
6.07665670029e-05
0.0
3.54664855468e-05
0.000206883986744
0.00015042138694
2.28888048715e-05
2.28162924677e-05
2.11801463386e-05
0.000205334388774
5.95596282089e-06
1.33383168323e-05
0.000300680753099
0.000105862036368
5.24279308919e-05
4.66746643112e-05
2.39087799234e-06
0.000185600227901
9.62079248614e-05
0.000159819758064
1.42714501086e-06
5.22617339602e-05
1.15450834492e-05
2.00504141497e-05
7.33929687627e-06
1.42714501086e-05
1.38460802499e-05
5.29005888489e-06
4.91646228605e-05
3.73109806762e-07
6.38979241588e-05
0.0
4.641545792e-05
2.68973007146e-06
0.00019667277905
5.50372669262e-05
3.34546526943e-05
0.000249055632292
7.81776895896e-05
1.61837928142e-05
2.87527744836e-05
0.000111878100605
1.59903841777e-05
0.000121990350216
0.000139539303517
4.39653073914e-05
0.000219924982669
1.03030569926e-05
4.3584833322e-09
8.21340174073e-05
0.000104870559165
6.75310444788e-05
9.70549415526e-05
1.18706822902e-06
2.38298795877e-05
0.000222988221553
0.000780623249636
4.0742257054e-05
1.46349554088e-05
1.1752958913e-06
6.60061773678e-05
1.86349432071e-06
0.000142690672016
0.00013847712848
5.75050358721e-05
1.26906125581e-05
0.000160396892725
6.00941579235e-05
0.00023680000806
4.39881600263e-05
0.00340556563798
6.16913904928e-05
1.50803122142e-05
0.000102042495252
0.000413741143913
2.132629132e-05
0.000172512152561
3.94260282511e-05
7.58640558609e-05
0.000342796670084
5.33482298675e-05
0.00186587924649
9.86368252765e-05
0.0
3.42516985735e-05
4.15316901051e-05
3.81927354213e-05
2.8862550615e-06
6.95269578097e-05
5.28376531235e-09
0.000172017006458
4.03426241363e-05
2.19088175009e-05
0.000129861834222
2.10662872819e-05
0.0
3.91498967206e-05
1.92032976707e-05
2.34769076349e-05
2.29702387463e-05
3.06692920323e-05
2.8894500991e-06
3.23178611109e-05
2.56886101956e-05
0.000143129193352
0.000944383528139
0.000115108800366
2.02431916435e-07
1.87482931217e-05
0.000224059269826
2.38686273594e-06
5.16349260759e-05
0.00169227835053
6.17905882908e-05
0.00463571416248
4.53340745491e-05
1.66500251268e-05
3.50458402306e-05
2.59480911066e-07
7.33482775988e-05
2.68905567873e-05
0.0
1.82266284912e-06
0.00367122070135
1.24665974518e-05
0.00144569878295
1.90286001449e-05
0.00012251592759
1.83816786302e-05
4.63259048074e-05
0.00018525039031
5.58670567403e-05
2.70406423111e-06
2.71837144927e-06
0.000174905560418
0.000155878655946
8.99393048437e-05
7.4857977746e-05
0.000164965531861
1.22765162225e-07
2.70047923647e-05
0.0
2.52254140078e-05
5.86883761465e-05
0.000128108150603
1.95632940544e-05
4.98926922756e-05
0.00145320258154
0.0
2.62004897861e-05
2.7498448201e-05
0.0
1.33413356568e-07
0.000806175771188
0.0
0.0
3.83205647679e-05
7.53480553924e-05
3.40698989825e-05
0.0104937104206
2.04792600122e-05
5.50687848915e-05
3.80572002897e-06
5.79128941315e-05
7.28318631195e-05
0.0
5.49563139654e-05
2.15776781552e-05
0.000133985565746
1.29270381419e-06
7.72117293237e-05
0.0
0.0
0.000188512359903
0.000798683163296
2.47799498508e-05
3.05816788042e-07
3.8227147921e-05
4.64899136012e-05
0.000154501563493
9.55248950795e-05
1.46110668484e-05
7.2818107641e-06
4.84231734009e-05
3.69474839851e-05
6.19200194491e-05
7.10831870977e-05
9.35848279414e-05
2.42053249048e-05
0.000404542638351
1.58077675139e-07
8.15309599534e-05
9.46329681189e-05
2.36683659594e-05
6.69929563685e-05
1.10258763262e-07
1.21666241335e-08
1.46162296789e-05
1.27590228562e-07
5.23403593409e-05
5.35733515526e-05
2.52074895662e-05
8.21902590225e-07
8.64936370221e-07
6.7767467582e-05
3.55108387853e-05
6.2612502297e-05
4.93261698979e-05
8.48004640438e-06
0.000156400342566
1.43049216137e-05
0.0
3.84368918484e-07
3.56793241874e-05
4.36367338308e-05
0.000168289043244
3.52986162451e-05
0.0
0.000313350301478
4.73962599584e-05
9.51430007243e-07
1.2610172407e-05
3.88931769825e-05
6.81074640828e-05
1.75944593251e-05
4.86148088668e-05
0.000316375427507
5.17307539742e-05
0.0
5.38388645963e-05
0.000105766480327
2.7461452303e-05
0.000545652713924
4.86236988222e-05
2.13908548447e-05
0.000304821488827
1.54656508261e-05
0.000199724446667
1.76758488471e-05
4.27202985802e-07
6.73168422485e-05
0.000453760200561
4.87444360074e-05
3.06755171936e-05
2.13335129996e-05
8.21738789422e-05
8.08401505228e-05
1.10502211885e-06
5.52799633913e-05
2.3286049547e-05
0.000119941788538
0.0
5.47543178131e-05
2.28709136357e-07
1.79819194068e-05
0.000189273018985
2.34281908808e-05
8.50803725784e-05
0.000231161326877
3.59420129278e-05
0.0
2.30314356219e-05
3.3373974057e-05
7.25548419729e-06
4.64287250395e-05
1.44062772235e-05
5.20652255435e-05
5.91455197547e-05
2.22863988252e-05
1.94688451583e-05
1.49243922705e-06
3.47923510736e-05
0.00012791258112
2.8518240185e-05
3.94163860144e-06
0.000999229784106
4.23712133525e-05
7.46696679274e-05
0.0
7.4912555863e-06
2.1823895001e-05
3.10646218009e-05
2.15666439642e-05
5.30605196347e-06
1.1389039003e-05
0.00102694524149
2.54847323369e-05
0.000114809332163
0.000654421891191
0.000173419624058
0.00200413483497
1.93395881841e-05
0.00295152960328
0.000135312410365
0.00159594207932
5.36337719323e-05
0.000320346268068
5.29535220081e-05
7.08046925022e-05
0.0
5.26537376518e-05
9.48137890936e-05
4.87712971357e-05
0.000716991995778
2.04721685085e-05
4.88599030843e-05
6.13902190962e-05
0.0
0.000138629101886
0.0
8.63439055876e-05
9.26560317695e-05
2.58814748893e-05
0.000146862986793
2.70292615694e-05
2.79138811257e-05
6.0567908427e-05
3.55397770175e-05
0.0
8.81353181447e-05
4.73619778196e-05
1.61745922941e-05
5.10981833414e-05
1.94889599844e-05
2.08497614787e-05
0.000439421283159
1.52205152069e-05
0.0
0.000103486818165
0.000100224515314
0.0
4.68940134188e-05
0.0
0.000387503154177
4.65803893974e-05
2.37857501811e-06
8.98276837176e-05
9.31720594894e-07
0.000103246817444
2.26776781184e-05
3.64911947312e-05
3.8448700827e-05
0.000118583287209
0.000138996126261
9.64252756956e-05
1.11185220967e-05
0.000120576909693
0.00125593191988
6.70394025343e-05
1.46967973347e-05
0.000293837796781
7.5512831346e-05
0.0
2.90167349245e-05
0.0
0.00048545499951
0.000157902729713
0.00013253172983
0.000155678662503
9.86397010404e-05
3.65473222347e-05
1.63264815912e-05
2.82713847138e-05
5.2128423921e-05
2.73752361175e-05
0.0
5.49563570829e-05
0.0
4.69908593445e-05
0.00135111122943
8.71448919246e-05
4.79217450746e-05
2.92747694536e-07
0.000140882892202
6.35856688009e-07
8.01581835488e-05
2.72510393932e-06
0.00169510911672
3.18216251511e-05
1.25915960283e-05
0.000128961557028
7.59316312869e-06
0.000132508311281
5.83703133936e-05
9.34450011103e-05
0.0
6.80786798696e-05
1.35918572463e-07
0.0
0.000117755576782
2.433657808e-05
0.000249122675573
6.60104075331e-07
1.53664395969e-06
5.16609015749e-05
3.00719841575e-05
9.20616000611e-07
5.70858004346e-06
1.2556884696e-05
0.000697608970777
3.39232086677e-05
6.76231461466e-05
2.76968285358e-05
8.23952257384e-05
2.31505958124e-05
8.94446020229e-05
3.24351138833e-06
0.0
2.94159660674e-10
2.23379219092e-05
0.0
7.46072840709e-05
8.06801185562e-05
4.14962123042e-05
7.28303580302e-05
0.000200148402777
6.52766828278e-07
8.63539030678e-05
0.0
0.00496047445258
2.81872542268e-05
7.15704561471e-06
2.53039082588e-05
0.0
2.44035618741e-06
1.69784408162e-05
1.27423661684e-05
0.000124786186467
0.000160578315059
0.000118528675365
7.38863994577e-05
9.61185848092e-05
0.00012025537412
0.000215225077228
2.41155104307e-05
0.000111485670932
1.49971484898e-05
0.0
0.000183275607405
0.000209997670019
0.000233421992668
7.51128953086e-08
1.98602996108e-05
0.0
2.90719077412e-05
0.0
5.00586758421e-05
0.0
0.000322467247004
5.37876389108e-05
1.72241639242e-06
2.64191725226e-05
3.27327537519e-05
7.22865800392e-05
0.000293439850093
0.0
6.33790702557e-05
5.11748599652e-05
1.4210619869e-05
2.80161228206e-05
2.68507596004e-05
0.000124167526775
2.80229371227e-05
4.25079352576e-05
0.000692042535501
0.0
9.00844406473e-05
0.0
5.25054530194e-05
1.94045959184e-05
4.36921483617e-05
9.04379015964e-05
2.5294500966e-05
6.80332085879e-07
3.94951943134e-05
4.19378492752e-09
3.54991368418e-05
0.0
1.63102286956e-05
6.28695609869e-05
8.00367654524e-05
0.0
0.0
4.85390781323e-05
4.05063834349e-05
6.2291726826e-05
0.0
0.0
2.55456105082e-05
3.98750118737e-05
0.0
6.95493883227e-05
2.19677497504e-05
0.000395813127888
0.00037237908076
8.66710785476e-05
1.40480692945e-05
1.07776962016e-07
3.28793733946e-05
3.06376452753e-05
5.44202778998e-05
7.94845453002e-06
4.5345856235e-05
4.98965884898e-08
0.0
0.0
0.00022705362632
0.000119452432908
1.53266724803e-05
2.18685624662e-05
7.47304109733e-05
4.71299339824e-05
1.671526077e-07
7.09732938833e-05
7.95444485565e-05
7.16986726565e-05
1.48151243985e-05
1.0441017612e-05
4.52360108929e-05
5.29364213598e-05
2.39357389379e-05
5.70140633361e-05
0.00025578896432
4.47731768114e-06
2.96277996629e-05
9.90770661501e-06
0.000566979820244
9.67928363269e-05
4.14385891656e-07
3.79795231082e-05
9.566008225e-06
3.42178242769e-06
4.38268692386e-05
0.000910091667992
3.84865661087e-05
0.000611448170704
0.0
0.000261933224945
2.56871243225e-05
5.63994171709e-05
0.000364350541462
0.000196881515644
4.16322013974e-06
4.35561802479e-05
6.96202641409e-05
3.7145648914e-05
3.60827204125e-05
1.06057673968e-06
3.95194187847e-08
0.00016080596523
0.0
0.000301323633619
1.51831072221e-05
2.66483860801e-06
3.3608941509e-05
2.14052441293e-05
1.74970655744e-05
2.38495108273e-05
1.03770848596e-05
3.60621046813e-05
1.44876842012e-05
4.90019720514e-06
3.74200112343e-05
0.000283064488971
5.22998762608e-05
2.93935106647e-05
5.87866742614e-05
3.9938928596e-05
2.61232756342e-05
0.000117483485408
0.0
0.000134523985563
1.09220281444e-07
2.1407175163e-05
4.39805799056e-05
6.57470443004e-05
0.000157786132321
3.00110460468e-05
4.26899902356e-05
0.0
5.70858004346e-06
9.51430007243e-07
2.65808322649e-05
4.50233992611e-05
2.25725747274e-05
3.07293652185e-05
0.0
5.55742840669e-05
0.000116663076252
7.35641164356e-05
1.77285622536e-05
4.6345607303e-05
7.94031702662e-06
6.4911549208e-05
1.5723821319e-05
0.0
2.68639060869e-05
2.02479581345e-05
4.76741511938e-05
0.0
3.45974548088e-06
2.67770340804e-05
2.08577546699e-05
6.96880750919e-07
2.85890167122e-05
2.24059707333e-05
7.83027753442e-05
0.0
5.78532351611e-05
0.0
1.57325747626e-05
0.0
1.7189340691e-08
3.19720928067e-05
0.000178003182402
0.000107754439923
3.05484527943e-05
5.80532939875e-05
0.000121898637443
7.61040812896e-05
0.0
5.05479793809e-05
1.12321598077e-05
1.558376736e-06
2.53096507859e-05
1.16838032044e-05
2.94466620522e-05
2.84879836224e-07
6.96555732332e-05
3.63764396537e-05
0.000141345544115
9.04341406053e-05
5.34439268426e-05
2.48309171348e-05
9.56337393984e-06
0.000495625698646
1.9715094467e-05
7.11339134856e-05
6.54256658427e-05
6.41298751083e-05
2.31514635096e-05
4.16448623674e-05
3.47049003207e-05
3.4723548499e-05
0.0
6.64438062622e-05
2.46985810936e-05
7.63755453272e-05
0.000165053719063
3.16646303782e-05
3.4539307826e-06
3.22546281689e-05
0.000253735682223
0.000212343439807
4.16887539687e-08
0.0
2.93734964364e-05
3.85286844756e-05
1.89274027482e-05
3.24619169716e-05
0.00403632353268
1.50635431407e-05
1.71256861087e-05
0.000119674427373
0.000162842478799
5.14300583016e-07
9.73053416499e-07
0.0
6.30928463454e-05
3.16833932107e-07
0.000102609402744
7.46581854151e-05
1.26055626952e-06
1.45188110008e-05
7.52063329652e-05
7.99447869364e-06
1.03792364427e-06
0.000121564006099
0.000184387169321
1.42714501086e-05
4.17416596315e-06
0.000190324841089
0.000377745315648
0.000119258426601
2.69527070956e-05
3.27990960957e-05
0.000410294235007
0.00259859626691
6.86084702855e-05
5.84416067396e-05
0.000156110297713
2.93257527264e-05
0.000215225337606
2.6687832709e-05
9.70854373052e-05
5.62918086238e-05
4.69199111092e-05
4.63728063026e-05
0.0
0.0
0.000208380604352
0.000108576194185
2.61809006348e-05
7.26284632044e-05
2.24393869633e-06
1.49122674022e-05
2.63387529725e-05
3.01927660624e-05
2.02950699861e-05
4.82924597465e-05
4.75715003622e-06
6.50639124915e-05
6.30739652935e-05
3.96429169685e-07
0.0
0.000111490314322
9.54745094376e-06
0.0
1.1172094782e-05
5.18551930758e-05
1.02238133917e-06
8.90280106e-05
9.01638409025e-05
0.000148101325805
4.45818929099e-05
4.41117548813e-06
3.69328446775e-05
1.58518986257e-05
9.08432689608e-06
4.72466350738e-05
3.99578797924e-05
0.0
9.63792504054e-05
1.55732788909e-06
9.91360528091e-05
5.9184757248e-05
7.81780627712e-05
9.51430007243e-07
0.000120223771306
6.49743153372e-05
0.0
0.0
9.06123816422e-08
0.0
9.51430007243e-07
0.000206438809907
0.00119112699381
0.0
0.0
4.5878217522e-05
5.81332267976e-05
0.0006943159406
1.73509637301e-05
0.0
6.982533756e-05
2.68935179183e-05
0.000120566194027
2.94543224188e-05
0.0
7.3565197e-05
8.23928199648e-05
6.73428860483e-05
5.63899249278e-05
2.95323755972e-05
1.56003705641e-06
0.000106779903403
3.11618760773e-05
7.65862189484e-05
0.0
6.24511874963e-05
3.19929561473e-05
0.000155594823512
1.68662592193e-06
3.41909997476e-05
3.75878719381e-05
0.0
7.93993422174e-05
1.80214557678e-05
0.000121719936081
5.30176323259e-05
2.57214181268e-05
6.02572337921e-06
2.3134323344e-05
1.70724442586e-05
0.0
3.20660526877e-05
0.000145346956065
6.42898421781e-05
0.0
3.00451581235e-07
0.000481184285081
7.66218827572e-05
6.85423480907e-05
2.44653430434e-05
0.0
0.000344216099541
1.42714501086e-05
0.0001382787186
0.0
0.0
0.000100240860678
1.62901546017e-05
6.47721699443e-05
9.61142141037e-07
0.000112998078338
7.36321197106e-05
0.000344636754854
4.62088507164e-06
4.8479949337e-05
6.427752408e-05
5.71378311922e-05
9.06123816422e-08
4.94031303226e-06
4.32501937686e-05
1.05544386022e-05
6.61749540738e-05
5.68924882284e-05
0.000239985529082
5.4749808601e-08
6.10412068986e-05
0.000104579314199
0.000185976458079
2.28758733007e-05
5.57285649716e-05
4.72777479549e-07
0.000633167661858
0.0
0.0
2.55915958522e-05
0.0
2.58667323499e-05
5.77516043572e-05
2.54847323369e-07
0.000226393737512
0.0
3.17120735009e-05
4.19729114451e-05
2.75631395199e-05
0.0
1.36368981784e-05
1.0850433122e-05
0.000192012826533
1.5102063607e-07
0.000150541217268
4.09950137277e-05
9.92017161241e-05
2.03877858695e-06
3.73109806762e-07
2.99513445038e-05
2.23181187869e-05
1.44073080303e-05
1.20363252334e-05
0.000122562097961
3.51837040221e-05
0.0
8.1984231732e-05
4.78513327172e-06
5.53244145615e-05
0.0
7.94008443756e-05
5.30713250862e-05
0.00012099445855
0.0
3.96964950745e-05
3.31068351293e-05
8.27330441081e-07
0.0
3.19354993221e-05
0.000103141349399
9.57101676053e-06
1.42714501086e-05
0.0
6.16198929578e-05
7.68555334968e-05
3.90925621686e-05
1.51292611449e-05
0.0
0.0
3.0558949946e-05
0.0
5.95310476312e-05
0.000214629037538
7.97796367491e-05
1.99231069893e-06
1.88504297315e-06
0.000103371414191
4.37779252583e-05
5.26544237668e-05
2.74011842086e-05
8.90852066708e-08
0.0
1.97710038626e-05
8.56962700938e-05
3.12747425729e-05
0.000117787522388
5.72888082597e-06
6.8009951278e-05
0.000549316742179
6.17103983026e-07
6.87651669633e-05
4.76602895654e-05
3.60579260639e-05
0.000391366225291
0.0
0.000469444142596
5.07991172297e-06
0.0
4.27786579414e-05
7.59166949422e-05
1.43498067136e-05
0.000193199310265
4.10325994696e-05
0.0
0.00023514269377
0.000155551512601
0.000312612661499
0.000447278137314
9.1114792422e-05
1.59399677568e-05
1.88676580115e-05
0.000119623562769
1.42714501086e-05
0.000753350500292
5.61202246764e-05
0.000111176778875
2.96307382324e-05
3.92072805183e-06
3.80237725548e-05
8.18727892125e-05
6.93338383351e-05
2.54301589707e-05
2.37431101291e-05
3.2443614357e-05
9.75053383222e-05
2.39948556772e-05
6.88601129648e-05
6.20547866178e-05
0.000311653544558
0.000132929651675
1.33455991665e-07
0.000121078488006
9.25738204819e-05
6.76420227203e-07
1.87942577785e-06
3.55789703259e-05
0.000768722329233
0.0
9.4658988366e-06
9.45637763959e-05
0.000171303463682
8.08709325473e-05
1.61550893149e-05
2.06472667806e-05
8.83935554931e-05
0.0
0.0
6.0847920381e-05
0.0
0.00122239206282
8.77966391753e-05
3.03934645085e-05
0.000432704222887
2.47918075923e-05
9.15339568125e-05
2.9414844017e-05
9.93956912453e-06
0.000197281957149
1.6510451881e-05
1.42714501086e-05
0.000858808196794
1.24582969853e-06
0.0
0.000305772060011
2.61693156936e-05
0.000142640552321
5.63787641166e-05
6.17844413822e-05
0.000113336027291
0.000857882800981
6.07713135305e-06
7.37688104229e-06
3.93607103628e-05
4.38899309077e-05
0.000436597388301
2.98617697686e-05
0.000255241120316
3.61669129786e-05
4.57103646458e-05
1.509810241e-05
0.000122234849129
1.2774774076e-05
1.72303709653e-05
2.43187923627e-06
0.00024644527162
2.05210393719e-05
1.03792364427e-06
0.000243462221323
3.66367624412e-05
0.000323527086761
1.03287212513e-05
1.99109619731e-05
3.43875894623e-06
3.51513549474e-08
0.000202945008557
0.000211090799615
2.34281797827e-05
2.09379820586e-05
4.71246790649e-05
0.0
0.000173348352778
4.68012229996e-05
0.00065865091993
0.000376411781288
0.000278632598531
2.41437357609e-05
1.1650163354e-08
2.56872273258e-05
2.12147338185e-05
8.99355810884e-05
2.14309815505e-05
8.24290864102e-07
0.000144810964054
1.6922705439e-05
3.73109806762e-07
6.79108743745e-06
0.0
2.29702387463e-05
0.000109646520153
0.000147134284561
0.000883361876023
0.00019388875795
4.26428432002e-05
9.72505888227e-05
5.42572985594e-05
7.77029951469e-06
4.2636470315e-07
9.76515576702e-05
4.43882335216e-05
0.0
7.96246460333e-05
4.3068901188e-05
2.55854827917e-05
2.3782737331e-05
6.69048977772e-05
0.000510363747485
2.02977869338e-05
0.000216477314999
5.89193862802e-05
0.000161751251606
0.000174925600217
7.53390796303e-05
0.000156462249757
5.72288726161e-07
1.02217550307e-06
2.39770922859e-07
4.75715003621e-08
4.25835551364e-05
3.41379798208e-05
2.26324651575e-05
0.000191243608788
3.16156594699e-05
0.000151936159412
0.000100743342815
6.20050935319e-05
2.73848794462e-05
0.000181403156545
2.11320892093e-05
0.000173000069646
3.06961994459e-05
0.000176886318926
7.68462698158e-06
5.66067656409e-05
2.96898272083e-05
2.73496798624e-05
1.1269668882e-05
3.92853364761e-05
6.49659648809e-05
0.000124146995565
0.00050211089698
3.74596917099e-05
1.61979882455e-07
4.75715003621e-08
9.94819947729e-05
9.28614401806e-05
2.1407175163e-05
0.000116309124294
2.23550283657e-07
0.0
3.7572893922e-05
5.47042980822e-05
4.58048929931e-05
2.27939676245e-06
3.46369410344e-05
1.46112465398e-05
0.0
1.32020815066e-06
2.5142711194e-05
0.000244129243519
0.000150984368447
1.4860976447e-05
0.000142317165359
0.000106664686858
3.37376041005e-05
1.92323244451e-05
3.39796431158e-07
0.000633839481166
1.20118038414e-05
0.000119588498911
2.12467359066e-05
8.00186681907e-06
8.83449471186e-05
7.87064514614e-05
1.57233699111e-05
2.03107938607e-05
0.000335277663124
4.11835023722e-05
0.000101874322137
2.53834947417e-05
3.64014254642e-05
2.06534354034e-05
4.80867392981e-05
0.000233998418814
5.6631664376e-05
1.89552758285e-05
0.000125912629209
4.54329964627e-05
2.37857501811e-06
9.28288774164e-06
5.74148786492e-06
0.000115681426008
4.07102296946e-05
2.24290269743e-05
0.000130671040358
2.57098580121e-06
0.000111957443841
6.73271654058e-05
9.77318509549e-05
0.000227377802884
0.000155410337365
4.29666052653e-06
2.83820498357e-05
0.000205359606993
1.80422453654e-05
1.32047406198e-05
0.00040655457188
0.00156793894324
0.00024681135217
0.0
0.000170784769785
0.000121705354874
1.03932435094e-06
2.01599223804e-05
1.71808140935e-05
0.0
2.88620500623e-05
5.85515300865e-05
0.00018145836857
1.53308275668e-05
0.00548396921157
5.70654901089e-05
0.000195888978391
1.99388355914e-05
0.000172306696378
4.10514172317e-05
0.00024886734944
7.00913718623e-05
5.19039794416e-06
4.75715003622e-06
0.00013172856783
2.05709804672e-05
6.10695950175e-05
7.77369706246e-05
0.0
2.33193629226e-06
0.0
0.000136326852213
2.10698009505e-05
0.000226292970851
4.29887582651e-05
9.51430007243e-06
0.000208184064932
4.38443910357e-07
3.56044493355e-07
8.69420085879e-05
3.50511170065e-05
7.86769933015e-05
0.000130276047806
3.64919973392e-05
4.86424682418e-05
4.98318360677e-05
1.42714501086e-05
1.3575866826e-05
1.62608037602e-05
2.98082291272e-07
5.53006751468e-05
2.41266175062e-05
1.42714501086e-05
1.39845408552e-05
4.23886211427e-05
3.95112129254e-07
0.000154666541863
5.20672608519e-05
6.07030361747e-05
1.32146931724e-05
8.86329199578e-05
2.0098958903e-05
0.0
5.79509552782e-06
1.27997904241e-05
3.48660312441e-05
0.000189815970862
5.60761935687e-05
0.0
8.66866789713e-05
5.60623520494e-05
1.66195175127e-05
0.00110138026564
6.56088814946e-05
0.000372432451212
1.024549411e-05
1.09834375805e-05
4.9456647584e-05
4.3036430753e-05
4.69236466109e-05
1.42714501086e-05
0.000105035044178
2.86494817667e-06
2.22073732387e-05
4.80470331952e-05
5.53045725132e-05
5.9662163601e-05
0.0
1.21971690474e-08
0.000302656213076
0.000406956125878
0.000171120884167
0.000195995040312
0.0
0.000106667903706
0.0
1.6521639798e-05
5.13167218261e-05
4.53724918201e-05
3.34774696288e-05
0.000163499612387
0.000337812494951
4.32086415872e-05
5.89671269808e-05
0.000169598189447
3.56786252716e-06
0.000149816651059
1.63810203191e-05
6.83163853458e-05
3.96563767673e-05
8.44659779841e-06
2.53712144854e-05
2.14874207235e-05
9.18696335369e-05
0.0
1.42714501086e-05
0.0001177514107
2.17229050174e-05
4.86595783796e-07
2.16234092555e-05
0.0
6.21721499866e-05
0.00013824307539
5.05615903171e-05
0.000155717876938
0.000201905633821
2.94196044285e-09
3.56397832217e-05
8.25770639759e-05
9.54004036914e-06
0.0
7.33547761338e-05
0.00110862118572
5.7730054859e-05
1.98965188589e-05
4.02229516369e-05
3.38319776034e-05
0.0
7.07473595129e-06
8.24550116519e-06
5.07429337196e-06
1.52289828899e-05
1.35918572463e-07
0.000521547735546
1.4478727722e-05
1.01928175871e-05
0.000200266880799
2.13350614057e-05
8.63019127836e-05
5.71805580434e-05
2.04870446898e-05
1.73296179891e-05
4.04489773893e-05
0.00103357479146
2.52376076597e-05
0.00125862636164
5.79561090804e-06
1.0877629656e-05
0.000172006216831
0.0
0.000263748287438
1.56306358333e-05
0.0
2.17694844227e-05
0.0
2.33191397708e-06
6.89226754874e-05
1.78905259735e-06
4.57059513283e-06
2.77137123568e-05
1.83022809364e-05
4.23161905748e-05
1.66500251268e-05
5.07429337196e-06
3.16266078331e-05
0.0004906433191
5.18197680137e-05
3.66671239804e-05
1.62859951517e-05
7.65410091261e-05
0.000149352935524
2.49011006331e-05
1.26543675397e-05
2.17310788013e-05
5.0241957227e-06
6.90627711179e-05
3.96429169685e-07
1.34382617324e-05
0.000668992806913
0.000240983438225
1.18928750905e-06
2.23284414228e-05
4.00423819274e-05
5.6857167289e-06
6.42626403964e-05
0.000734823356315
0.00157615057084
0.000110461482652
1.07538899134e-05
0.000148963341749
0.00030901702582
0.0
6.69330897965e-05
1.92393036581e-05
0.0
2.10179537964e-05
3.17143335748e-06
0.000188783034324
0.000200363720787
0.0
3.5258876739e-05
1.0327374088e-05
7.02594466887e-07
2.63310689042e-05
5.28524443064e-05
5.95539558009e-05
0.000619414551283
0.0
2.39256376766e-05
7.93615548533e-05
0.0
6.37552799423e-05
1.74042074496e-08
3.67889832984e-05
5.73828836475e-05
1.44235440758e-05
5.58887723302e-05
9.98940175347e-05
1.87836488401e-05
0.0
2.08646931413e-06
7.77542204459e-05
2.70621159386e-05
1.67704925453e-05
0.0
1.93375059914e-06
5.59278611799e-05
6.68592146805e-05
4.60860227021e-05
4.00760303169e-08
1.21378652991e-05
3.43704090117e-05
5.33989476098e-05
0.0
2.83499861106e-06
7.16271138358e-05
2.63196832829e-05
3.71668246145e-05
6.49999634085e-05
6.70018207526e-05
2.17091900329e-05
0.0
7.64408220408e-05
0.000324865517277
1.98789243025e-05
2.26358935948e-05
2.98026988435e-06
3.74026538472e-08
0.000383174235604
2.95709368125e-07
6.88190121418e-06
0.0
7.45593575972e-05
0.000155135167658
2.40822889454e-05
4.0095890662e-05
2.8409111586e-05
1.3664900947e-06
2.24285535087e-05
0.0
0.000231318317173
0.000110574826727
4.74434165431e-06
0.000165155464589
0.000138315786571
0.000147532642912
0.000169142785006
1.70846527347e-05
0.000104058402818
6.10084174437e-05
1.55571663346e-05
1.73046778826e-05
1.18928750905e-07
1.79482217484e-07
3.09301199706e-07
0.000108490478075
8.40379158766e-05
4.75715003622e-06
0.0
3.45207420488e-08
0.0
1.9316016889e-05
0.000105635335837
1.79263787549e-05
1.93842069916e-05
6.39466296276e-05
1.42714501086e-06
9.32091922237e-05
0.000133905899103
7.6885168395e-05
0.00101573734089
0.000129200487376
2.73185677557e-05
5.43968485897e-06
0.000110469123553
1.58159793412e-05
0.000844029228166
4.74964650831e-05
0.0
7.13631591265e-05
2.49534142809e-05
0.000272911715551
0.000150424829509
2.94753648423e-06
0.000518492247457
3.08993787938e-05
0.000159180576708
0.000205889290636
0.000158670968811
5.27155524996e-05
1.76977307895e-05
1.42714501086e-05
3.26738793575e-05
4.58725182064e-06
2.10179537964e-05
1.52228801159e-05
6.01867315075e-05
5.70858004346e-06
2.71249198719e-05
3.92546244055e-05
2.74810377573e-05
9.35011888976e-05
4.29614917706e-05
1.83975965307e-05
5.42330532202e-06
1.92827894413e-05
3.11231317487e-05
7.74933313697e-05
0.000393145584097
0.000446958549346
6.5196478133e-05
0.000103642779043
1.58571667874e-06
0.000237295594158
3.94511595003e-05
6.12060950493e-05
0.000272381007777
0.0
2.62437261069e-05
1.81448224916e-06
0.0
9.5922393937e-06
4.15348853743e-05
0.000164972303336
0.000295949809954
1.16196055485e-05
0.000219857699379
1.78547579281e-05
7.66684984089e-05
2.89753684024e-06
0.000103427476394
5.47658040942e-05
4.41238872441e-06
4.20989411705e-05
0.000139230432546
0.0
4.85367280724e-05
8.58296978842e-05
0.000103608949844
7.73796000572e-07
0.000238829247683
3.61543402752e-05
3.24582813498e-05
2.11918658066e-08
0.000214139025484
3.29277819634e-05
6.85956322755e-05
1.27145646422e-05
0.0
8.32699414706e-05
0.000166758322519
0.000108448224575
5.95163593566e-05
5.86013596147e-05
0.0
0.000147700454469
2.82121892522e-05
2.32247839251e-05
4.79189714582e-05
2.98296637059e-05
8.15428190695e-05
4.09382093471e-05
5.629538472e-05
2.85429002173e-06
2.54466118492e-05
9.06207521892e-05
0.0
4.47756532078e-05
7.36030016368e-05
5.40254662979e-05
9.80175400934e-05
4.82782608284e-05
0.0
7.95135091968e-05
0.000236633333976
0.000146906612775
0.000126998528174
0.000112671879536
3.8181937914e-05
0.00112206405088
9.42699656079e-05
2.4941058047e-05
6.98459842304e-05
0.000250424588695
3.43024418799e-05
9.44163990772e-05
6.12565245653e-05
6.03116685559e-05
3.72839044928e-07
1.13386002016e-05
7.71301973904e-05
5.85085915429e-05
0.00774385189332
0.00654534636532
0.0176812590022
0.125865298273
0.00400184418592
0.012402600961
0.00301979593291
5.07680043391e-07
2.74213187122e-05
1.04384115911e-05
4.70229122247e-05
1.26906125581e-05
7.5623344652e-06
7.99713406421e-05
3.6557923054e-07
1.93939148851e-05
2.59480911066e-07
0.0
3.49075585443e-05
4.09115823625e-05
9.32774516905e-08
1.27363853968e-05
3.29466694599e-05
0.000737544557127
0.000214131785124
0.00011776273265
0.000216588623765
1.19861089769e-05
9.29448271706e-05
0.000126443705962
0.000101459781424
2.36783766659e-05
0.000207760766799
0.00200104313967
8.34579493894e-05
8.84391311894e-05
0.000195402748718
2.42428761737e-05
8.40264548748e-05
0.0
4.43695398387e-05
8.51450480635e-05
1.38291130714e-05
0.000180667655383
2.66513544897e-05
4.32941810424e-05
1.8013829001e-05
3.43564092856e-05
6.6418723371e-05
2.67931438821e-07
2.45988625396e-05
0.000504748502344
3.12236012068e-05
5.55770335739e-05
0.0005447322496
1.85951105155e-05
9.63963477169e-05
8.76179842807e-05
1.96751349329e-05
2.1062793085e-05
6.79592862316e-07
6.58196800795e-05
6.37539958246e-05
1.52335243414e-05
5.9978877442e-05
4.64903298994e-06
6.14062510894e-05
0.000382255414866
0.000171225013376
5.39280874727e-08
9.2304353632e-05
2.59480911066e-07
0.0
7.83259300601e-06
0.000152772872265
0.00505540321457
2.3428079611e-05
3.37887184391e-06
0.000118121518347
4.17801725868e-05
7.39218874549e-07
0.0
4.37826630801e-05
0.0
7.52049454255e-06
0.0
4.99027430328e-05
9.15379085455e-05
0.000170541562337
0.000251267814484
4.57196172588e-05
5.8577287647e-05
3.01671702614e-05
0.000149645208978
1.01800244607e-05
1.44362019057e-07
0.000241255098055
0.000110234414597
0.000234109394379
3.05822691429e-05
2.71055561884e-06
1.42714501086e-05
0.000161151271208
0.000578047625086
4.48240932052e-05
8.85716564919e-05
1.53044767171e-05
2.86267239309e-05
2.52440270273e-05
7.64847634942e-05
0.0004042791566
2.01480721776e-05
1.74557586144e-05
2.45203286108e-05
0.00215817921939
0.0
0.000116451069578
2.40971622121e-05
0.000110783686697
7.06074191293e-05
0.000168647691329
3.58866557065e-05
0.000187411596729
0.00054165378589
0.000343794204304
4.29803824738e-05
2.52871762722e-07
8.34096711085e-05
7.06786901235e-05
0.0
9.73734906242e-05
0.000531345164045
0.00032284671911
4.05132179197e-05
0.000125006438905
3.08134749791e-05
0.00062128119476
0.000104826443212
0.000904231261573
7.52251799509e-05
0.000479341878814
0.000286729869107
2.72320046557e-05
0.000468206136685
6.6015110166e-05
0.000993421134148
2.90986235562e-05
1.7804300219e-05
9.34341183284e-05
0.00015683933168
1.559991746e-05
1.97646089902e-05
5.86008034409e-05
2.21075521598e-05
6.97447908098e-05
8.85561775972e-06
8.0569124037e-05
2.78371868959e-05
0.0
2.64672279187e-07
3.52067938507e-05
2.70693231691e-05
1.33928773542e-05
5.93611533996e-05
2.6094689843e-05
6.26247419769e-05
3.80572002897e-06
0.000284792060472
0.000492996910746
8.59858230555e-05
4.74638725333e-06
1.42714501086e-05
0.0
9.75756342656e-06
1.01757220026e-07
0.000105128396578
5.59347672328e-05
0.0
0.000186989109696
0.000186290566427
9.04988303646e-05
4.75715003622e-05
0.000219772089624
0.0
5.95453854042e-05
1.88748966068e-05
1.46367193911e-05
2.56226609755e-05
0.0142669227575
2.87379256714e-05
2.68205283248e-05
2.0683261027e-07
0.000608912008175
7.4716294341e-05
0.000189256114148
3.69154042112e-05
9.1249896466e-05
2.09688493997e-05
3.60058138714e-05
7.19327122412e-07
8.64936370221e-07
0.000285949910082
1.5392106797e-05
0.000178929547104
2.35663222565e-05
0.0
8.87306586881e-05
1.42714501086e-05
3.48953773364e-05
2.79127091422e-05
1.39381476153e-05
4.03098355054e-05
2.8554910695e-05
5.19497840537e-05
1.44495615828e-05
4.35291487389e-05
2.60342792811e-05
2.87624609882e-05
5.51305324024e-05
0.000166162089632
1.21783040927e-05
2.59808928376e-05
3.3017708896e-05
6.2484937404e-05
0.000113964202659
4.46547094532e-05
2.02097001401e-05
0.000502901195362
0.000179844369605
1.50669735181e-05
1.01822091839e-05
5.91904599895e-05
3.23397298596e-05
0.000333003060385
8.48911078242e-05
8.07057405395e-05
6.56796109054e-05
0.00105422970055
4.30687620129e-05
1.87201001285e-05
5.86926168919e-05
0.000226327091412
3.76662541079e-05
6.88664499279e-05
3.01929841254e-06
5.86606030983e-05
6.79592862316e-07
0.0
9.51430007243e-07
3.43127768719e-06
0.000105932864017
4.43076067875e-05
9.70534787651e-05
1.45065092869e-05
1.869905345e-06
0.000842359886221
2.53397599669e-05
9.59768636772e-05
1.84974872612e-05
1.308981179e-05
0.0
1.96717712019e-05
0.000214153946445
0.0
4.7115046895e-05
0.003678106599
2.87707563419e-05
3.67582884218e-05
3.63758621704e-05
2.19205051208e-06
9.15596929048e-06
0.000104098142232
3.1828759196e-05
0.000129822640753
1.42714501086e-05
2.80229520806e-05
1.26519947772e-08
2.16234092555e-07
4.90372168598e-06
9.49086485742e-05
0.000336928472104
0.0
0.000533793033029
3.43044216684e-05
4.85110426043e-05
8.61032176553e-06
5.27550872403e-05
0.000191011106622
1.3270595166e-05
8.8105915797e-06
2.77762649426e-05
5.78661077727e-05
0.000154229459036
5.67304476331e-05
0.000352919239578
2.25530463531e-05
4.75715003622e-06
1.21645155201e-05
2.40081623906e-05
7.60752396527e-05
0.000293143999485
0.000101205235918
0.0
3.58801800072e-05
0.000328440791097
0.000376454131689
1.42499084389e-05
8.48824497768e-05
3.98704728461e-05
8.60504332681e-05
1.16429231395e-05
1.43615701998e-05
4.81529701909e-07
0.0
8.80954141902e-05
3.98152672958e-05
1.4375428414e-05
0.0
1.90286001449e-05
1.86182857177e-05
5.97394090195e-05
5.94643754527e-06
0.0
2.39856304347e-08
5.09694646737e-07
0.000107267200516
4.56206946311e-06
2.42818463377e-05
9.97306087257e-09
6.77893880161e-06
1.92115674539e-05
1.99727350875e-05
4.99556462845e-05
0.0
0.0
1.61725498456e-05
1.38579915141e-05
1.49968995113e-05
2.34155094896e-05
3.23384755214e-05
0.0
7.94589409661e-05
3.74781526519e-05
0.000198222670512
5.8718281115e-05
0.0
0.00520332863183
0.00492048636267
0.00479050266527
0.00688958526947
0.00334625416029
0.00581456285484
0.00181039252877
0.00360558882039
2.16508924021e-05
0.0
2.60687388997e-05
1.82967309085e-07
1.68673758731e-05
3.5210944335e-05
0.000867241066547
6.56234073101e-05
0.000127139243468
2.02910655759e-05
2.67459311413e-05
0.000129518203584
6.48224060858e-05
2.199776062e-05
1.68913298387e-05
5.33887554036e-05
0.000184446447062
0.0
7.07048631004e-05
0.000275204417692
3.493952004e-07
0.000147676663935
0.000113383645219
1.4801675781e-05
0.000210607055812
3.72293788219e-05
1.09204475678e-05
1.26940793072e-05
3.32006389883e-07
2.98982427086e-05
4.20861712403e-05
4.75715003622e-07
1.67534414319e-05
0.00010753174415
3.31885107704e-05
5.70858004346e-06
0.0
1.90963276765e-05
0.000174678506932
5.93570695875e-05
4.65373373108e-07
0.000391693639976
4.03625883842e-05
0.00153003088151
4.20259386845e-05
0.000190785595007
1.84314907229e-06
7.58675991748e-07
1.50996179287e-05
1.61481749914e-05
3.13539616304e-05
1.80684466189e-05
6.63508592436e-05
0.000202854058839
0.000188591961441
1.90366175146e-05
0.00237531334216
0.000253511923877
1.80498563575e-06
0.000187349667088
0.0
9.94738343277e-07
2.47852789948e-05
1.11000167512e-05
1.42714501086e-05
0.000227883722796
9.50424468217e-05
0.000191557685308
6.50634820354e-05
6.7275309366e-05
0.000172516696617
0.000210449154771
0.000796592659742
5.92885255285e-05
1.51998289048e-05
8.34987061833e-05
0.000129279367107
4.617034757e-05
1.00415051112e-05
0.0
0.0
0.000493457125954
0.000181875956238
1.53670361776e-05
3.3491449203e-05
1.42754966263e-05
0.0
0.000333202910093
0.000336517321624
0.0
2.61691691967e-05
0.000122545631469
4.42204045238e-06
9.46200117835e-05
4.57946250695e-05
0.0
2.7754518787e-05
4.0144319157e-05
9.05423047234e-06
4.05406186202e-05
0.000414898616618
9.13434295655e-05
3.07960397931e-05
7.72222901225e-05
7.55783631855e-05
3.36294740136e-05
0.000128375935613
2.01447007303e-05
5.43674289853e-06
0.0
2.16515168616e-05
6.31716235364e-05
5.01281845137e-05
0.0
5.52949345337e-05
0.000605775319964
5.06980575632e-05
5.70203302596e-05
3.38112920218e-05
1.82764815621e-05
3.73932968094e-05
0.0
6.11633576085e-07
4.29294726141e-06
0.000782451084735
1.6729023999e-05
3.80920512057e-06
0.000101804387266
0.000259755444206
0.000161465474042
0.00027147795856
1.63386076967e-05
7.13481911221e-05
2.24134953629e-05
2.53488137644e-05
7.26641598938e-06
1.25347247709e-05
3.74251314042e-08
0.000102622566332
3.49500725418e-05
0.000146005937136
1.42714501086e-05
1.54786301243e-06
0.000211194794506
0.000165093807972
0.000451338578085
3.5215318852e-05
0.00084636989897
3.71854239858e-05
0.0
5.72898533853e-05
0.0
7.81024513968e-05
6.88976186818e-07
3.72952360739e-05
2.12593592088e-05
4.33527650476e-05
0.000196225130617
0.000149272239275
0.00017564340131
1.45128277003e-05
0.0
6.74800481299e-05
6.91388940864e-05
2.20775719081e-05
0.0
2.1701632082e-05
3.06058990949e-06
8.63236478155e-05
0.000329870339792
0.000307618633478
0.0
0.00233495550094
0.00028279382491
0.00015594302893
2.37857501811e-06
2.93923403512e-05
4.54195188251e-05
2.37857501811e-06
5.80524837394e-06
0.0
9.16871008711e-05
0.0
8.56788915688e-05
0.0
2.93700298047e-05
4.67309484648e-05
0.000120661637006
0.000121906755964
0.000171275304192
0.0
0.000124040573208
1.54317501581e-06
3.77295019614e-05
3.06603164635e-05
1.76694144202e-05
1.91120589174e-05
5.54847043846e-05
0.00045521009076
3.2827125841e-05
0.000102241528633
5.18644681887e-05
5.39323475267e-05
0.000121921929557
2.61581034052e-05
2.72401696819e-05
6.34646448394e-06
0.000300523709038
7.85979611706e-05
0.0
8.31069295277e-05
6.08331206675e-09
4.02827291477e-05
5.22565460314e-05
1.14173603827e-05
6.17668859754e-05
6.07115370632e-05
5.20527137208e-05
1.5273384106e-05
2.12000226981e-05
3.61446510457e-05
0.000379923405586
1.50544124803e-05
8.39119111942e-05
0.00018489293495
1.92682438106e-06
7.17516561433e-05
5.95099420239e-06
3.63894398038e-05
3.84668583333e-05
2.60179419047e-05
1.73700304027e-05
1.88751037162e-05
0.00144172019337
0.000554226461964
4.36031002875e-05
6.48702277666e-06
0.000242165704294
0.000433348780421
2.4641932156e-05
1.61021778983e-05
0.0
4.75715003622e-06
1.11637771799e-05
0.000212130665692
0.00154242225894
0.000993836775664
0.0
0.000140222610249
3.59520542557e-05
3.931989358e-05
1.82967309085e-05
0.000126714327567
1.86330950525e-05
0.000116222904706
2.38790276328e-05
1.64942842403e-05
0.000143383599773
3.00873039627e-05
3.42777087168e-05
0.000388027422681
2.42750795006e-05
3.03080756967e-05
0.000130588156793
6.16378427728e-05
0.000258485525137
1.93587423953e-05
0.000139825340903
6.15435494196e-07
6.69869617633e-05
1.78110922542e-05
2.92443999485e-05
6.07919181454e-05
6.9165759055e-05
3.94628903305e-05
0.00045038662338
0.00111723065293
4.72898144407e-07
0.0
9.50363406557e-05
3.32365864764e-05
0.000219176817006
0.000309268665495
9.07765560151e-05
8.47203779255e-05
2.37857501811e-06
3.04817386774e-06
1.58248343334e-05
8.87230181331e-05
3.34881024854e-05
8.76906791214e-05
0.000124671654447
9.75618905732e-07
5.15480958941e-05
0.0
1.50258679792e-05
2.37857501811e-06
3.41332976576e-05
5.00754969432e-05
2.72697731109e-05
0.000454968904449
0.000112090284566
0.000105521478325
0.000819959022186
7.13704530538e-05
0.000476722778116
0.000322587290978
3.94163860144e-06
3.05190058456e-08
0.0
1.42714501086e-05
2.71837144927e-06
4.31227831469e-05
5.38133762977e-06
2.7348340005e-05
4.3010309136e-05
2.85524050126e-05
7.31200983387e-05
0.000143529841542
0.000733502023592
2.0933211974e-05
7.21405976565e-05
1.46149499802e-05
0.000462613124873
5.59205315981e-05
8.91067000604e-05
7.24556631059e-05
8.12288069425e-06
6.11431938468e-05
0.0
2.44756705604e-05
5.28386545973e-05
0.000198005914581
0.00479907599317
7.0808617991e-05
1.83621094269e-05
8.53017318737e-05
3.07740970513e-05
0.00104056779599
4.12945894607e-05
0.000135958356587
4.24137231654e-05
1.94971855868e-05
1.84034172906e-05
0.000262885485179
8.89648837942e-06
3.21515940829e-05
4.18836035797e-06
0.0
0.0
2.85667059723e-05
0.0
0.0
0.0
3.77773679347e-06
1.39055154905e-06
0.0
0.0
0.0
0.0
1.18210458191e-06
3.16460586013e-07
2.50599840349e-05
1.61792390384e-05
0.0
4.3385681944e-05
0.000171503336183
1.58522876591e-05
7.77217066211e-07
3.00307143319e-05
5.09694646737e-07
0.000184019492498
1.61368236527e-05
2.73333185486e-05
3.7329010231e-05
1.58571667874e-06
0.000140272987962
0.0
0.0
2.32204442882e-06
1.17206705643e-05
1.43615605687e-05
1.44589240017e-05
1.5404943439e-05
2.31558600476e-06
0.000266800652945
0.000537014212807
0.000177405805702
0.000343531420818
3.97753228774e-05
0.000200911459472
5.47797099466e-05
2.31046213737e-05
9.97665908847e-05
2.10179537964e-05
0.0
7.34670616602e-05
2.39883535462e-05
2.61968660269e-05
1.46069362257e-05
2.68382043004e-05
0.00829227422109
0.00105751014559
2.95769172874e-05
7.70040900796e-07
1.54391142084e-05
7.04539763914e-05
3.12696482311e-05
2.57568105071e-05
7.31869236341e-07
0.000169873048423
2.320100943e-05
3.37222669932e-05
3.84480026697e-05
7.28161767438e-05
7.29785629547e-05
8.04227628764e-06
1.56829122073e-07
5.53750614958e-05
0.00201413296786
2.2690559797e-05
3.14027043155e-05
1.54041048792e-06
0.000303163855259
1.56829122073e-05
2.37857501811e-06
2.40780772611e-05
3.363290318e-05
3.84086885307e-05
2.66822842959e-05
0.000248463481737
0.0
7.11079451772e-06
0.000242812482915
0.0
6.94410510402e-06
5.20286864981e-05
7.55231267517e-05
4.831982259e-05
4.00901539592e-05
0.0
7.51128953087e-07
1.24156388308e-05
0.000269660932513
5.97326089963e-05
8.49531045832e-05
9.03794625924e-05
9.00997921707e-05
0.000372613727675
4.14925478531e-05
0.000102823520422
1.42869611494e-05
0.0
3.4406503453e-05
2.59480911066e-07
1.71012518979e-05
0.00018170029791
0.0
1.98703831862e-05
2.26170717329e-05
3.17143335748e-07
1.38389819235e-05
5.84403436988e-05
1.05890976128e-05
1.31083603364e-05
4.7466020317e-08
0.0
6.32002821244e-05
0.0
0.000528964794906
4.59483420726e-05
3.68508585008e-05
0.000151470572954
0.000260748245262
0.000473929323636
2.9848784541e-06
2.7232396866e-05
7.72069338816e-05
8.12970900715e-08
5.44558654808e-05
0.0
1.56637867046e-07
6.84122781828e-05
4.93864329983e-05
6.71597652172e-06
0.0
3.17114502364e-05
8.90573373834e-05
0.000114590507715
4.60170682444e-05
1.54138426351e-05
7.51128953086e-08
0.000256215032776
1.3125608505e-05
7.01874595507e-08
2.86368284419e-05
7.25434960202e-05
0.0
4.46666468136e-05
0.000109071861756
8.75129099249e-05
5.99540741998e-05
2.09966371403e-05
0.0002042392601
0.000249340223047
0.000196943145763
8.78069159763e-05
0.000115245859712
8.57094819215e-05
9.51430007243e-07
0.000148628540341
0.000120134628903
2.39864885968e-05
0.0
0.000129830376624
6.01230696058e-05
0.0
3.02154214426e-05
3.30238779946e-05
0.0
6.50550432303e-07
4.9582208793e-05
2.03888924437e-05
5.64189734907e-05
0.000172910990917
1.42275379545e-05
6.86780552677e-05
0.0
1.387742354e-05
0.0
3.59730254752e-05
0.000112230142357
1.27897148515e-05
1.6555434185e-05
1.97604693812e-07
1.6889312332e-05
3.95601280068e-05
8.64936370221e-07
5.2334355194e-05
0.000168088733875
0.000336768595336
2.54115811818e-05
4.4619339485e-05
5.68670280951e-05
0.00080562517459
9.57957723446e-05
2.16209853395e-05
0.000508177907485
4.75715003622e-06
7.62952618135e-05
0.000148614970975
0.000187555203492
0.0
0.000111130188796
3.13722850958e-05
3.51380229669e-05
5.75388623428e-06
9.75595664955e-05
2.92408897157e-05
4.19941520438e-05
0.0
0.000124981853399
0.000342294837295
5.01169500551e-05
0.0
1.72109418013e-05
0.0
0.000396740662158
0.000191156200254
6.64586854408e-05
0.00154038162919
5.40237268481e-05
0.000161876417833
0.000133005934418
5.18961822133e-07
4.53514132071e-05
2.38790276328e-05
0.0
8.39497065214e-07
7.35459676372e-05
0.0
0.000131291736389
0.000638900321203
2.79864530052e-05
9.06123816422e-06
0.000100761981095
9.95578886182e-05
1.05903221044e-05
4.10940524312e-05
5.25155478808e-05
2.31802947219e-05
6.19697831784e-05
6.98865759064e-05
8.17731035271e-06
0.000128564359234
1.65724848844e-05
9.47352723287e-05
6.02904407969e-07
0.000102710170629
1.41413696015e-05
3.16759975672e-05
0.000118535633207
0.0
6.85811857509e-05
2.07753354787e-05
3.30068047962e-05
1.86576860302e-05
0.0
4.2653095999e-05
0.000314722772026
0.000182064519309
0.0
0.00152455894158
0.000101594963467
0.0
0.000337787829912
1.39663666942e-05
0.0
1.82444565296e-05
2.84379630841e-05
0.000588398257236
0.00029559542184
1.79084988952e-05
6.56214240149e-05
1.4925603666e-05
0.000131579071822
6.01015576444e-05
6.68444280504e-05
7.51128953087e-07
1.74184878249e-05
8.13205012671e-05
0.000102829462349
0.000296526580185
6.16752981746e-05
5.13843135395e-05
3.05432663213e-05
1.2195800407e-05
0.00028001973511
4.48162993642e-05
6.60537129727e-05
7.53386882563e-05
1.18928750905e-07
1.30625316975e-05
2.62024895728e-05
0.000651967732684
1.45530041873e-05
5.4937636362e-05
4.25038536763e-05
4.96356558089e-05
1.19199043521e-05
0.000121081877514
2.06520719826e-05
5.22718023652e-05
9.76354764695e-05
0.000836066688573
0.0
5.74303827309e-09
0.000158999646682
0.000126169889945
9.55248477544e-05
3.40937164554e-05
0.000145863811337
0.000830063583261
5.43674289853e-07
0.000226890176171
0.000185531362245
3.24635553343e-05
1.68864461708e-05
3.31917154039e-05
1.07096486104e-05
8.12031300635e-08
3.27006982978e-05
0.00998573929191
1.93528702971e-05
4.58725182064e-06
0.00233204188429
2.26785243221e-07
0.000221560281776
0.00103403769524
0.000402467007687
3.09684475785e-05
0.00271892015836
3.87619908353e-05
4.25202254581e-07
0.0
4.03662384354e-05
0.000172543586997
2.82379912751e-05
2.44130666694e-05
8.64936370221e-07
5.75714953404e-05
3.31594183249e-05
0.000142738994096
4.34333073396e-05
0.0
8.39611746081e-05
7.51128953086e-08
0.000131628366977
1.35412342309e-05
0.000292601086329
4.94135305346e-05
1.16476926357e-05
1.79831780603e-05
0.000114255373526
0.0
8.90275134417e-05
0.00415111767537
1.02383107689e-06
2.69909221913e-08
6.08152502606e-05
2.70292615694e-08
0.000385625730828
0.000107600286071
0.000160629529831
4.03633635133e-05
0.00225719203036
0.000156262800356
5.6868658263e-07
9.00392000144e-05
2.3252949377e-05
4.30363122814e-05
0.000214267656631
2.8069474532e-05
3.04205914421e-05
4.35040776196e-05
0.0104555444139
6.02971589393e-05
0.0
2.02971734879e-05
8.814350083e-05
6.60637483228e-05
0.0
8.42363640559e-06
0.00195755365805
9.67555939568e-08
9.16607287784e-05
2.18036043327e-05
2.70237453936e-05
9.76311990172e-05
0.00105597880821
9.71015790909e-05
6.31277667823e-05
3.56118201463e-05
0.00144093816272
0.00093050114329
0.00190296162628
0.000988791971229
0.000367414830864
3.17836949953e-05
0.000449858598666
1.23920019057e-06
0.000512884040799
3.56786252716e-06
3.44087419752e-05
5.64088937101e-08
8.88029301602e-05
8.29917473243e-05
2.03877858695e-06
4.7004062531e-05
5.70858004346e-06
0.0
2.96020398611e-05
0.000113957625593
3.87101424516e-06
2.83163692632e-06
8.00223870025e-05
2.62330656266e-05
4.13004291888e-05
0.0
0.00018768276611
3.22999141609e-05
0.00106498259722
4.22106645441e-05
0.000109249613203
5.29659831845e-05
8.01856322287e-05
9.27655001773e-05
0.000117952523094
0.0
1.21791606026e-05
6.90466671935e-05
2.36081859602e-05
3.23621722447e-05
1.42714501086e-05
0.000164634776271
9.77685500273e-07
5.62216883983e-05
7.25828104295e-05
4.24336447421e-06
3.73096481412e-05
7.30922655429e-06
5.86704874272e-06
0.000501901031009
0.000147330859947
0.0
0.000113213866406
0.00016475095146
1.42240366531e-07
3.54014315679e-05
1.7489522192e-05
0.0
4.58402214293e-05
0.000105056683263
5.92240863949e-05
2.85994933349e-05
0.000429556850103
0.0002427393109
0.000157481632128
4.2024439577e-05
3.40787687058e-05
4.18819813678e-05
1.86034003326e-06
0.0
2.05271124376e-05
1.52228801159e-05
0.000165677512562
2.54947496456e-06
0.000118527290593
4.93650139262e-05
1.29518227745e-05
0.0
4.8644895599e-05
0.0
4.3574919353e-06
5.50796254244e-05
0.000331243097313
0.000102059638006
1.63901437822e-05
9.59634212334e-05
5.09694646737e-07
0.000248292364698
4.86576872447e-06
7.79860661675e-07
4.13533463526e-05
2.2654524748e-05
5.22252340932e-06
2.56253377567e-05
9.54935768528e-05
1.77723526032e-05
0.000167490421375
6.35436172778e-05
2.9911285846e-05
3.10611535958e-05
0.000434894938857
1.26719547107e-05
2.21194711523e-05
0.000125049992599
6.94158321909e-05
0.0
0.000204814913941
0.000140029235436
0.000102977351428
2.84530799019e-05
9.22598794902e-07
8.61990538198e-05
0.000222916534884
3.42049719645e-05
7.0178867273e-05
0.000424539729078
0.0
7.49174938726e-06
2.2563557484e-07
7.10589079446e-05
0.00117807297873
2.05829712613e-05
5.11046202342e-05
9.81924558757e-06
0.00124520402574
0.000173500232222
0.00012896798442
2.51709361505e-05
2.53714668598e-05
0.000121426570411
2.78467319193e-07
4.80920629919e-05
4.17436467756e-05
0.000141842319779
3.80572002897e-06
1.72789364875e-05
5.15197644247e-05
0.000325942223288
7.58095516278e-05
1.90452918994e-05
0.0
2.41652376272e-05
6.21590641204e-05
3.06593240404e-05
0.0
0.000743104178663
4.70743538163e-05
9.05074200857e-06
7.06042140504e-05
5.36249517185e-06
0.000167558810313
0.000269632120953
8.2980393602e-05
3.93768515253e-05
8.33505870888e-05
3.64488336593e-05
0.000155082805664
0.0
6.97571079585e-05
3.14207146073e-05
2.14286037668e-08
0.000437594296438
0.00325867569723
6.35232614462e-06
5.21745193706e-05
1.82823805313e-05
0.000425811911561
3.28009010133e-05
3.17143335748e-07
8.77301251142e-05
4.00254247179e-05
0.000260817912285
6.365112907e-05
1.09968365563e-05
0.0
3.15341384976e-05
2.16217394942e-05
6.62681623939e-05
8.77162036923e-05
4.10165102243e-05
8.37229724612e-05
9.39815140021e-05
0.0
5.92435058964e-05
0.0
0.0
0.0
0.000401842869793
1.3065232183e-05
0.000240785006477
3.14585728201e-06
2.05337845275e-05
2.08966898268e-05
4.08682434929e-06
0.000103576168623
3.96429169685e-07
2.75636853685e-05
1.11185220967e-05
1.01648505047e-06
9.29919871981e-07
0.000514136280107
8.07715444718e-05
0.000235961734442
5.92278712845e-05
1.47919075383e-05
2.76271209695e-05
0.000269143115364
1.42026483519e-05
0.000279521915077
1.94658207276e-05
4.20988363034e-05
3.26728903985e-05
7.37168474164e-05
1.08424904986e-05
5.41755019722e-05
2.17469715941e-06
0.000115409440275
1.02195933009e-05
1.37099504322e-05
0.000198031845404
3.7708540512e-05
1.9645646624e-05
8.55457857775e-05
0.0
0.000106466458072
3.04457602318e-06
0.0
2.26029533059e-05
6.32124618673e-05
1.75938233425e-05
4.9601735059e-05
0.000125571572976
2.75684096872e-05
8.98812185573e-05
0.000169719076411
3.04683454412e-05
0.000118986791344
0.000122800416422
4.02669472853e-05
0.000336486036872
3.57155174556e-05
2.65661759873e-05
2.92808963648e-05
0.0
0.000121115322117
3.56613302437e-05
1.64461472681e-05
6.88276699936e-05
9.51430007243e-07
5.68139632897e-05
3.9755775811e-05
3.85843694527e-05
2.51892662181e-05
2.25257656894e-05
1.37888406846e-08
3.96538747108e-05
4.95059253952e-05
1.22197405793e-06
0.000111553652317
1.31597499842e-05
0.000215562883752
3.91782380882e-05
3.06522204807e-05
0.0
7.0293297347e-05
3.9101064431e-05
6.87303250324e-05
0.0
0.0
6.95510598878e-06
2.25109655055e-05
1.39224406961e-05
3.29118368575e-09
2.58475650732e-08
1.49838226928e-06
0.0
8.6812788469e-05
6.70306958984e-05
0.000866643004116
5.38043697344e-05
6.12283310904e-06
0.0
5.10265436562e-05
0.0
1.08734857971e-05
6.40158479814e-05
0.000285079226951
6.8893101131e-05
4.16547924938e-05
8.27275543078e-05
6.34973567996e-05
4.21237217304e-05
2.43516934823e-05
0.0
0.000256981515155
2.38748966829e-06
2.72283971388e-05
0.000110669133104
2.03877858695e-06
2.98998999056e-05
4.12523703321e-05
1.8897495829e-05
0.000335342254071
4.61161962026e-05
5.56003929665e-05
5.38683682292e-05
9.76812770527e-05
0.000496935787617
4.88020717841e-05
0.000307149141528
2.78199475939e-05
2.76000634919e-05
6.34267311711e-05
0.000762308787423
2.55803460513e-05
2.06276421738e-06
0.0
0.0
0.0
1.89938302775e-05
8.61138413225e-05
0.000148109463139
0.0
0.00301950225363
6.745014487e-05
0.0
0.000287586420166
0.000146023081236
0.000315136829775
5.14319670622e-05
0.000106163190963
3.80572002897e-06
0.000638828634513
0.000259582598828
1.88792860887e-05
0.000342705010427
6.81254225961e-05
4.75715003622e-06
7.15350476863e-05
7.95631354001e-05
0.0
2.29868390657e-05
2.58994676566e-05
4.83632271032e-05
0.0
6.31294596698e-05
1.53813264915e-05
7.87610685463e-05
3.53715728602e-05
3.34614580169e-05
4.56744239295e-05
0.000108363478283
0.00119099042461
2.80863655042e-05
9.58297469789e-05
2.92747694536e-06
0.000298468097058
0.0
0.000138163073748
1.37428778824e-05
0.000144683967219
4.34089588339e-05
9.27587249581e-05
3.30959352149e-05
0.000823701018324
0.000861530209701
0.000433793423484
0.000114829457851
2.8306869578e-05
4.31909607226e-05
0.000382970640727
7.35067962656e-05
2.96040414158e-05
0.0003397046722
4.73646003854e-05
0.000107419493641
1.53667938985e-05
3.47503726535e-05
1.22245871834e-05
0.0
0.0
0.000191540872923
1.58571667874e-06
3.44460410976e-05
1.73245736722e-05
6.11633576085e-06
5.82099459025e-05
1.50137023801e-05
0.0
6.79592862317e-08
1.88095513083e-05
1.05534527506e-05
3.33288233384e-05
6.99723225462e-05
4.2023567532e-05
0.000100301838966
0.000147820289569
4.45255587864e-05
7.1000617352e-05
0.00824921300325
0.00495396280481
4.75715003622e-06
5.96952201572e-05
0.0
0.0
0.000152829413067
2.02971734879e-05
0.000670465204316
1.49736018912e-05
4.63494831591e-05
2.6694984306e-05
5.7717593266e-05
0.0
0.000131421339725
3.04553567395e-05
2.21926990126e-05
1.29270381419e-06
3.44806452957e-05
1.54407849839e-05
4.74980828793e-05
8.04065410031e-05
3.23291370278e-05
3.90330259382e-06
4.98174565677e-05
4.7736906203e-05
1.946106833e-06
2.76357842613e-05
3.95192133145e-05
2.29334671057e-05
4.53139009691e-05
1.66463210055e-05
1.8484925855e-05
9.04735901477e-05
1.20102593122e-05
2.32989720378e-05
0.00415641622625
1.81147332195e-05
1.64670578177e-06
0.0
3.40571990484e-05
2.38995575982e-07
0.000282787201631
3.51751129547e-05
0.00349593038613
7.56872136274e-05
1.27232651856e-05
3.86890246511e-05
1.108399383e-06
0.00245835548759
6.62136883149e-05
4.21143655831e-05
5.09694646737e-07
1.52228801159e-05
0.000173121493024
2.92409277113e-05
0.0
8.10283797377e-07
0.000215067740054
0.00332069318815
0.000132041109215
6.90162911077e-05
1.07567880328e-06
5.98633316065e-05
2.94706538569e-05
2.26530954106e-08
1.94642000943e-05
2.58957764068e-05
7.96822631066e-05
0.0
4.12823014777e-07
5.211096385e-05
7.11003642431e-05
1.91930840505e-05
4.19885238759e-05
4.17614327825e-05
0.000140985770553
3.72608514888e-05
0.000162260909015
1.6163344845e-05
3.48248046719e-05
2.43259799762e-05
2.98414575584e-05
9.34131279839e-06
1.31231725137e-07
0.000506488524845
1.5009607076e-05
3.2028883354e-05
1.42714501086e-06
0.000200862059313
7.11201832657e-08
0.000143642631916
2.07581346712e-05
0.00047466175552
1.50433434438e-05
0.0
0.000116313853676
0.000169215170015
1.65897400318e-05
6.23598508572e-05
8.83914599232e-06
0.000116623978415
0.0
1.77678314082e-05
4.19748532607e-07
4.6031591784e-05
4.37317574318e-05
0.0
0.000746204793962
3.28159423422e-05
0.0
4.6209062997e-05
4.03268658303e-05
7.10293525351e-05
3.44272001103e-05
0.000598204450429
0.000102607913791
1.94099327054e-05
4.40647736229e-05
2.54676558335e-05
0.000237707489224
0.000498676866033
2.00170988537e-05
9.14836545417e-09
2.52368808224e-05
0.000101463342193
6.39358757606e-05
0.000145961016553
0.000100272204934
0.000166154127837
4.39121541805e-08
5.50259242727e-05
1.52908394021e-05
2.63377051645e-05
2.97240874607e-05
2.65041216303e-05
3.96429169685e-07
2.75943054819e-05
4.15340925372e-05
3.31577836586e-05
1.50243051425e-05
0.00153053980202
2.70265436949e-05
3.18041197121e-05
8.59821732631e-05
0.000490197770278
0.000238246022384
0.000108782350185
3.20785442084e-05
1.30229672937e-06
4.75715003622e-06
4.08947985569e-06
5.82623891211e-05
0.0
5.91510175916e-05
1.42585406106e-05
4.75715003622e-06
9.69318232996e-07
1.58571667874e-06
6.75438611188e-05
1.29162083982e-05
4.43775940529e-05
3.97619013508e-05
1.51363864789e-05
3.05696390551e-05
5.68546392045e-05
6.47664690552e-05
7.2679368254e-05
0.000196640016417
0.0
6.64606355037e-05
3.00798256136e-05
0.0
4.09413876429e-05
0.000136231328706
0.00026218343718
2.4122914043e-05
0.000199931831622
7.27145368207e-05
4.21708854343e-05
0.0
1.50160475056e-05
3.64457696414e-05
3.10963106641e-05
3.14949895079e-05
1.42795691177e-05
2.32616602176e-05
1.70019571447e-05
7.65961003055e-05
2.92030637396e-05
0.000149084464405
9.3006767789e-05
4.31836549974e-05
3.49848989089e-05
2.10179537964e-05
1.90286001449e-05
0.0
0.000106989046017
1.92976612341e-05
4.53428081496e-05
8.35082511996e-05
1.88456328358e-06
9.95342161424e-07
1.95985985851e-05
6.49289335786e-05
0.000171739750111
0.00117635490341
0.000122725619681
5.92913866917e-05
7.41662506682e-05
1.58571667874e-06
8.32839998045e-05
0.0
3.61232893552e-05
9.39411702142e-05
2.42122344238e-05
0.000251001488548
1.98733592032e-05
8.05773126205e-05
1.41463542488e-05
0.000271026760033
0.0
7.91113792659e-05
3.40193256361e-05
0.0
1.26906125581e-05
3.07873934004e-05
3.29549847073e-05
2.28354744531e-05
0.000179733541572
0.0
3.1637295348e-05
0.000171222338123
7.36599573371e-05
0.000162721351803
2.72602898727e-06
6.25780418228e-05
0.000240311887914
3.55447013113e-05
0.000100451751785
1.46678792783e-05
6.01702419208e-05
2.98114735603e-05
0.000632289949632
2.92769760016e-05
1.38078130453e-06
9.75465014541e-05
0.000585109068639
0.000342414854181
0.000103019559841
0.000564038479953
0.0
0.000126819756762
1.3080176619e-05
1.19942960975e-05
2.26333022619e-05
0.000100482485777
0.000179687397087
9.70811756251e-05
4.87212722712e-05
0.000356919395691
0.000162651354451
1.78190410141e-05
4.10469255214e-05
0.0
2.57342332129e-06
1.15288583687e-05
1.82394996272e-05
5.71256592077e-05
2.93667780372e-05
3.15243440876e-05
0.00011044819001
1.35918572463e-07
0.0
8.80942699136e-05
4.3580780054e-05
9.02542299361e-07
2.67831414641e-06
0.000546925510935
1.15532576881e-05
1.23562338603e-07
0.0
2.75423222662e-05
1.66295967379e-05
9.7737809835e-06
2.29365586408e-05
0.000104075030423
5.90950315058e-09
1.54405399277e-05
2.13938327886e-07
3.20349400805e-05
0.000145209126791
7.09462803767e-05
2.90406914124e-05
3.66742863733e-05
8.09614265882e-05
1.35918572463e-07
1.21422849245e-06
8.92261802163e-05
8.73865571482e-05
5.56030523713e-07
9.47032641663e-07
9.32774516905e-08
9.53489379553e-07
1.31901148145e-05
0.000207045115461
6.92661955823e-07
0.000208766643411
1.42714501086e-05
0.0
0.000353392394579
0.000117413252099
6.18148516147e-05
5.97955360261e-05
0.0
5.12755642386e-05
4.33248154194e-05
4.43967504997e-05
6.29991227479e-05
4.39391936842e-07
4.69922278314e-05
2.07639938704e-05
0.000107203921154
5.30109651293e-05
0.000229032141697
0.0
4.03264236998e-05
5.20479996621e-05
1.48704425509e-05
0.000178564193366
0.000131394968436
2.58452973106e-08
0.0
3.10678965233e-05
1.11842926026e-05
2.87150144966e-05
1.02490482975e-05
2.22865271394e-05
2.10179537964e-05
3.20796349374e-05
9.21033850137e-05
8.27330441081e-07
0.000285587191948
0.000120748607399
4.75715003622e-06
0.0
5.98940602372e-05
3.45672068587e-05
2.6645724624e-07
8.82181004692e-05
4.59538254282e-06
5.67966797873e-05
0.000194821028928
5.74536326695e-05
0.000560367879499
1.08007406456e-05
5.15330704638e-05
3.40421344135e-05
4.6600653416e-08
0.0
1.26857334299e-06
0.000279818965815
2.65374350059e-05
2.15841653186e-07
1.56794271157e-05
1.27423661684e-05
3.2820030501e-05
0.0
4.63578490118e-05
0.000187426892881
2.65685201753e-05
2.0604019962e-05
4.98238570235e-05
1.65026018833e-07
0.000416384502695
5.41446480369e-05
2.127655334e-05
3.69292179215e-05
5.93459958628e-05
1.25736043958e-06
9.29810161161e-05
0.000101651197806
4.08497649898e-05
4.52597270643e-05
0.000180936942733
0.000101883503393
0.0
6.73248714757e-05
1.58931113699e-05
2.95498194423e-05
4.91854390311e-05
0.00437208226075
2.16254879329e-05
5.22431328105e-05
0.0
0.0
2.52525637346e-06
4.16776372994e-05
0.000255410585385
2.01568080773e-05
3.81029968976e-05
1.4286132167e-06
0.000396038181534
0.000170824510775
1.8173416601e-05
1.06272640754e-05
0.000370776462579
3.56786252716e-05
6.68623396488e-05
8.00975963321e-06
2.22642325582e-05
0.000112888777923
6.47020559283e-05
9.59068420287e-05
5.6237616266e-05
0.00154531831124
3.68057051421e-05
5.08106812937e-09
2.79668536013e-05
0.000177303380911
7.53162508943e-05
6.79592862316e-07
5.38413849458e-05
3.16293683422e-05
2.10323892369e-05
8.0809788615e-05
0.000459723389589
0.000138873277131
9.85802941839e-05
0.000155518874467
3.70432637472e-05
0.000357755903075
5.91588143121e-05
0.000579799485729
0.00011200086823
0.000357532719912
3.6986480887e-05
1.69898215579e-05
0.0
7.15872769891e-05
1.26865792019e-05
1.3795735105e-05
0.000123797489714
3.7995127292e-05
2.44895802713e-05
3.66117585479e-05
5.90588962871e-05
0.000101764759614
3.41141981346e-05
2.04059568016e-05
8.58758253291e-07
2.43263354125e-07
0.000618124672316
2.37857501811e-06
3.66419694371e-05
0.0
0.000459257547383
4.97363324639e-07
1.44196236344e-05
1.56902492423e-06
0.000203208946405
2.03877858695e-06
4.00698001612e-06
3.05047777703e-05
4.0262312794e-07
0.000484203512182
0.000133370448567
6.10944142171e-05
3.29783458474e-05
5.46192894109e-05
1.78762470305e-05
1.42297207224e-06
0.0
2.89325716214e-05
2.29479678992e-05
2.16482889819e-05
6.75453523973e-06
9.39585405381e-06
0.000196665245621
1.42714501086e-05
3.8737712185e-05
8.55190862471e-05
3.64377449582e-08
0.000119687632287
0.00027144686178
3.96523978327e-05
5.36700394897e-05
3.2255167045e-05
1.94556350688e-05
0.000872356371299
7.88895299584e-05
0.000284629139377
4.84140676507e-05
5.02898718114e-06
5.2151144106e-05
0.00019200553156
9.20058224612e-06
0.0
5.60097045506e-05
0.000183162127983
2.90151624507e-05
5.94454521132e-05
0.000125308114578
3.72691220813e-05
4.29973376089e-05
0.0
2.40274781953e-05
0.00022312532683
9.34392321202e-05
1.40346232946e-05
6.51135234924e-05
7.98796997585e-05
0.0
3.10846091866e-05
6.90814442456e-05
2.62684969217e-05
1.70865227838e-05
9.74547183689e-05
1.44992548074e-05
2.0398082731e-05
0.000872571147868
0.000235197243252
0.000213054030349
0.000235171554779
0.0008681795418
1.74042074496e-08
4.12974466213e-08
0.000133474076142
0.0
5.62421679158e-07
1.24745266286e-05
0.000194383367249
0.00027229335346
1.23012849615e-05
0.00015466391799
0.000411337176755
2.1407175163e-05
1.83446208318e-05
0.000184498126923
3.6593461817e-07
0.0
2.79080232954e-05
4.69281461184e-05
3.73624769491e-05
6.17467454056e-05
0.000168741166843
0.0
0.000469847546967
0.00014460695333
0.0016294704924
4.02747095755e-05
3.65224981398e-05
6.71468273667e-05
1.04657300797e-05
2.48578472928e-05
7.78473623784e-05
0.000435504119377
0.000403682625471
6.79693522344e-05
4.47800651864e-05
2.20107503257e-05
2.6513495325e-05
6.28598845781e-05
0.0
6.1393531194e-05
1.49074886233e-05
3.1224202965e-05
2.06291445622e-06
0.0
4.0770785078e-05
9.51430007243e-06
0.0
6.65585080357e-05
0.00165347131695
9.32396440834e-05
2.40414173118e-08
0.0
4.13314290629e-05
0.000154289363731
6.43269795537e-06
3.51682135424e-05
0.000188087454281
0.0
3.63336031864e-05
0.000112525024425
1.44266421057e-05
6.64818398742e-05
0.000246375642104
8.50041714934e-05
3.58614136198e-05
5.27490747118e-05
1.90286001449e-05
8.88183630053e-05
7.98054662524e-06
4.34484674757e-05
0.0
0.0
0.0
0.000135307160029
0.00921503133821
5.11557163716e-05
0.000193544806904
3.53073276302e-05
4.99053224898e-05
7.20589324324e-05
0.000390147311765
0.000146668688627
6.31020029559e-05
4.20510844691e-05
8.9339874702e-05
0.000118657003603
1.93198941648e-06
7.30915785484e-07
0.00015748877122
0.000136339561487
2.81678996514e-05
1.96433844907e-05
0.0
2.8367475398e-05
0.000166576600765
0.00013769360037
1.99016694669e-05
5.62901948577e-05
2.36536332394e-05
4.0224722777e-05
0.0
0.000212341195831
4.0436174078e-05
1.15041025667e-06
4.48822785923e-05
8.61173211444e-05
0.000189503330154
8.80134373193e-05
7.84690988264e-05
8.72769376816e-05
3.92676610502e-05
0.000106729634246
0.000121907035299
0.000108102883511
0.0
1.42714501086e-05
3.52202288716e-05
7.77029951469e-08
2.14348819419e-05
0.000104476911193
2.9258261125e-06
0.000369883658417
1.72819136763e-05
0.000332035978049
0.000194579859303
2.62617861911e-05
3.53842422815e-05
0.000129503780687
3.8929345116e-05
7.91010184732e-08
8.90692477624e-09
0.000122092410159
0.0
0.000163019704406
7.77314584697e-05
2.22510595e-05
0.000104629419074
5.78195635859e-05
3.29802350142e-05
0.000292499779465
4.24968930954e-05
0.000273817670348
2.74040402864e-05
5.36303238541e-05
2.7062144143e-05
6.25949177123e-05
4.11178957654e-05
1.69630941111e-05
0.0
7.29986629363e-07
6.79592862316e-07
2.1407175163e-05
0.000106505231604
8.71098899745e-05
7.97376458075e-05
1.95121518203e-06
4.66184128113e-05
0.0001511606617
2.76458677886e-05
1.57049970813e-05
1.79941536257e-05
2.362480235e-05
1.46084667915e-05
9.51430007243e-07
3.10225825557e-05
2.36587255432e-05
5.48207167676e-05
1.82638628894e-05
4.75715003622e-06
7.328341239e-05
1.08740870865e-05
3.6946954765e-05
2.64844684859e-05
2.77745546354e-05
0.000112887541502
1.10561431672e-05
1.86871790216e-05
0.000111562035667
0.000869827339041
6.9252681699e-05
1.60293075784e-05
1.63480334451e-05
8.50179274885e-05
2.35164640996e-05
0.000244943873148
2.86105389259e-05
0.000158334865372
4.95200774589e-05
0.000261256205989
2.78297562067e-05
4.75715003622e-06
2.85429002173e-06
0.00211786278941
1.76548340113e-05
0.0
0.000115366884058
2.37857501811e-06
6.79592862316e-07
6.88696267258e-05
1.06872762703e-05
2.03937195351e-05
3.81767770282e-05
0.0
0.000218809196032
0.000210826419643
4.74578846678e-05
2.98241251962e-05
0.0
0.000117244036518
0.0
1.56813072309e-05
8.13150914471e-05
0.00012174392187
5.06041021636e-06
5.09694646737e-07
3.75442197322e-05
2.19360221074e-05
4.26464124744e-06
0.0
5.85115063979e-05
6.27142233712e-06
9.641302185e-05
0.000109424025246
2.73369209537e-05
0.000100495939184
0.000109116699148
2.15430937354e-05
2.51987910806e-05
2.2999970934e-05
2.18645934357e-05
2.1407175163e-05
6.52673845043e-05
2.77500418779e-06
0.000165672827374
2.03215691291e-05
2.55454699558e-05
1.42714501086e-05
0.000400309043923
3.72266444781e-05
0.000111791266064
9.34391046112e-05
0.00057758138232
4.29348934215e-05
0.0
3.76848656857e-05
0.00300410882809
1.70132557945e-05
5.73920289621e-05
0.000311805270504
0.000235156521401
4.27550354256e-05
0.000224691289046
0.000139163341073
6.15888523724e-05
9.07891847608e-05
0.000118470510425
0.0
4.94951692834e-05
0.0
0.000125165265432
0.0
3.95889364668e-05
9.32774516905e-08
0.000441996444365
1.76066130114e-05
0.0
0.000246547224363
3.48543103542e-05
0.0
0.000113470919675
5.42363140145e-05
2.46043331981e-05
2.07164965131e-05
4.54741467232e-05
1.98931309104e-05
7.64097088107e-05
0.0
5.8218264476e-05
1.89104929507e-05
2.1407175163e-05
4.10158437543e-05
1.87782238272e-05
0.000370782541486
1.72488181543e-05
7.09054462427e-05
1.30272730359e-05
0.000133081443408
2.33100351775e-06
0.000169706196617
4.50485936685e-05
4.87462685257e-05
1.5947779169e-05
0.0
3.49712512324e-05
2.08646931413e-06
2.37857501811e-06
2.24265644564e-05
8.5563432881e-05
5.09694646737e-07
3.24622915072e-05
0.000112138897708
4.78602066723e-05
2.21791731775e-05
2.71837144927e-07
3.44621127409e-10
0.000193704755156
8.17266363132e-05
0.000117771941735
2.61191650636e-05
1.42540246506e-06
3.66361703497e-05
7.24696650819e-05
7.94093840989e-05
0.0
0.000148225969281
0.000887990644464
1.41234254285e-05
5.78424380492e-05
3.94103845015e-05
4.90465760099e-05
0.000184130098883
0.000215507413051
1.88912323919e-05
5.02105836162e-05
4.11415063572e-06
2.31174030948e-05
1.43575956827e-05
3.92994560878e-10
3.60560894585e-05
6.17340551944e-05
5.27890590631e-05
5.25554276438e-05
1.94953328544e-05
0.000524000544427
0.0
0.000135575187527
2.14891989132e-05
2.50509887722e-05
0.000148103979579
2.09258662544e-05
0.000207967167907
0.000112388927922
1.56829122073e-05
0.0
0.000447335089031
6.56238685786e-05
7.67198034307e-05
9.51430007243e-06
0.000505986153824
4.97716160108e-05
0.00301505226962
0.000718351878892
1.35918572463e-07
0.000460846044112
4.14518074491e-05
3.95399073888e-05
3.81404952138e-05
9.50619014463e-05
1.22466677134e-05
0.000161207334613
0.0
5.46947657113e-05
3.45974548088e-06
0.00567157710088
3.30732346895e-05
6.17514668163e-08
1.16017832215e-05
0.000122381764913
6.67181367345e-05
0.00043620159921
7.58828151821e-06
3.75295928819e-05
1.03667832849e-05
3.63897273545e-06
0.00338383250951
1.3795735105e-05
1.86080546415e-05
0.0
2.26615056918e-05
1.51908992753e-06
1.42714501086e-05
8.92137726259e-07
0.000139469983681
3.8167743151e-05
6.83587934505e-05
6.30561208282e-05
3.0762015048e-05
0.000160976979896
6.51001806644e-05
0.000529153287617
0.0
6.32376906754e-05
9.94133872996e-06
5.00650703104e-05
7.36141264816e-06
3.98521842408e-05
0.0
2.58957764068e-07
4.75715003622e-06
1.21115291271e-05
0.000126124062087
0.0
0.000113913339066
1.83253382493e-05
0.000182308924833
2.87272052551e-05
9.97238813186e-05
7.50573318654e-05
0.000143143366107
0.000192244018523
1.56632440479e-05
7.74522735684e-05
7.6071515327e-05
0.0
2.02971734879e-05
8.33422579546e-05
3.18913276181e-05
9.8802346906e-07
2.39867565206e-05
0.000736868558813
2.18036043327e-05
2.17239832521e-06
0.00105613456817
8.6833159006e-05
0.0
6.92100345032e-05
1.67220135543e-05
6.91949096177e-06
1.24987969887e-05
2.62651430178e-05
2.26291492209e-05
0.000359936840206
0.000299221274797
0.00021021873579
5.70194058411e-05
2.6379394758e-05
3.39478145131e-05
2.35010880974e-05
8.58316098251e-05
1.92598566469e-05
1.26870278925e-05
2.40390422348e-05
2.58957764068e-07
7.09143941633e-05
2.77149213492e-05
0.0
4.45909381628e-05
0.000445679627534
0.000115172620252
2.84861450036e-05
2.47608149494e-05
0.0
0.000110842668477
0.000271524476229
3.72109529688e-05
4.4674949037e-05
0.000116989472261
4.46714923392e-05
6.08618003902e-05
0.0
5.19627157802e-06
0.00114811598842
5.85310105722e-06
1.44751292099e-05
1.51122680236e-06
4.34822830802e-05
1.04873534889e-05
0.000102303834462
0.0
6.46430474993e-05
3.32223701292e-05
0.000793432297042
1.35918572463e-07
0.0
0.000317964958406
0.0
0.000309407832328
0.000217199064546
1.50545968074e-05
8.05046815373e-06
0.000100599280401
7.60843277959e-05
2.96871960039e-05
0.000160597614905
3.98833538293e-05
4.75715003622e-06
0.00023301005438
0.000746875928709
0.000104481654865
0.0
0.000343401104811
0.000199077059685
5.6489342501e-05
1.42714501086e-06
0.00019025912244
5.49622265653e-05
0.00026915966384
0.000132024222554
0.0
3.30986482476e-05
4.01814605325e-05
0.0
6.94374347785e-05
6.83725382002e-07
7.46316525162e-07
7.71070752246e-05
6.07576757127e-07
0.000135963774071
3.57802737767e-05
6.44946951689e-07
3.94881827843e-05
0.000180360798261
9.29714415031e-05
1.42714501086e-05
2.30587709149e-05
8.33414374111e-05
0.000245452287435
8.52670597766e-05
0.0
0.00030644539752
0.000233603581307
7.99886683184e-05
1.1517310614e-05
5.07680043391e-07
2.71837144927e-06
7.58474176692e-06
0.000105638774622
7.55220109958e-05
8.83470721011e-06
3.53527072191e-05
0.0
1.84299138979e-05
2.88420936715e-05
5.9667294646e-05
2.69765219185e-05
0.0
1.18990295719e-05
6.92310593491e-05
4.02526074362e-05
0.00210286198768
0.000141021787868
1.72093448795e-05
1.58482775654e-05
0.0
0.000179479856741
0.000816459767627
3.81632329782e-05
0.000102772757021
0.000433437506791
0.00041600432117
0.000173702432316
0.000483601966429
0.00432376317083
2.56910002196e-06
2.35082337798e-05
3.77919661487e-05
4.34324504771e-05
2.57148498383e-05
1.58522876591e-05
0.0
7.6826480115e-05
8.52124506798e-05
3.73024264565e-05
1.53212088152e-05
4.98762481016e-05
1.16813037277e-05
0.0
2.4731292741e-05
0.000110654274549
0.000301273157626
5.82688778027e-05
4.52052127128e-05
0.0
8.12842619232e-05
0.000102571297909
1.80301746703e-05
1.34564222177e-05
2.67589689537e-05
7.70130421778e-05
0.000104843626269
4.81736248007e-05
3.39054362436e-05
1.21675833109e-06
5.57115545907e-06
0.000403349443691
0.0
0.00106487455357
0.000140575856143
6.25196763434e-05
0.0
1.90965594311e-05
1.54424408868e-05
4.42075442326e-05
0.000132628682802
3.0058915064e-06
7.11437748105e-05
3.11361691403e-05
3.28079312843e-08
0.0
9.42447517998e-06
1.65732969004e-05
0.000300153349998
0.000151446658092
0.000111101827612
5.3492721758e-05
7.82317326174e-05
2.72542280264e-05
2.74544811056e-05
0.000224758574657
0.0
4.75715003622e-06
0.0
5.73520051402e-05
0.000265225495873
9.52538465619e-05
0.000170897941034
0.000143176643351
0.00058335328942
3.09214752354e-06
0.0
0.0
5.42828107755e-05
1.22765162225e-07
1.92003268311e-05
0.0
9.23229813668e-05
0.0
3.27520038936e-05
2.92445798476e-05
5.26839696904e-05
3.92018602118e-05
3.75296216203e-05
1.4951042971e-05
0.0
2.23030021178e-05
1.31497660631e-05
3.95063518017e-07
2.38355385978e-05
1.48299818943e-07
0.000372315347992
1.18129856475e-06
9.45477003885e-06
0.0
4.75715003622e-06
8.07884406855e-05
3.82239446724e-05
3.04904787829e-05
1.97317425352e-05
7.78553561286e-05
1.98949029282e-05
4.97251265804e-05
2.44653430434e-05
2.29730153237e-05
0.0
7.27869950896e-07
0.000382431198179
0.000576974615918
0.000115959843423
2.49587590704e-05
1.90286001449e-05
0.0
2.3353281996e-06
1.33556572881e-06
6.64100697236e-05
0.000263014463625
0.000144608604737
0.000170223657564
2.81418242588e-05
4.39121541805e-08
3.43704090117e-05
0.000638052774468
3.0058915064e-06
0.0011100391004
0.000664019727492
1.65389891935e-05
0.0
1.60188095173e-05
9.53294443655e-06
1.88698844087e-05
6.73928958465e-05
7.47683288554e-05
2.74422694984e-05
2.0683261027e-07
8.72219397057e-07
6.11962816378e-05
6.78972991251e-05
0.000122821884028
1.80677611633e-05
4.00569389069e-05
3.85872827223e-05
8.99198609056e-05
4.0080859004e-05
3.34107258187e-05
0.0
7.9531125745e-05
3.69663856545e-05
2.70406423111e-06
9.24560411611e-05
1.16591575397e-05
0.000905676769102
6.14393597308e-05
2.37857501811e-06
1.42714501086e-05
4.94052730574e-05
0.00162057461544
0.000116948607522
3.44234262771e-05
1.22239311625e-05
0.000493892307359
0.00104500023524
1.49243922705e-06
0.00366999011819
0.0
1.48203520359e-05
0.00013126503565
1.04937133152e-07
7.46626318659e-05
5.51214007329e-05
4.7713222523e-05
0.000628412756197
6.1310770264e-05
6.47004707653e-05
0.000378212526649
4.02516837756e-07
4.34704313473e-05
2.12573012844e-05
0.0
2.1407175163e-05
3.12188446835e-05
2.39424029586e-05
2.63478516139e-07
1.20902160306e-06
0.00262052514956
4.18624600555e-05
6.79592862316e-07
3.75419018459e-05
9.51157078383e-06
2.4793648774e-05
5.00384963962e-05
8.09063374165e-05
6.33124974295e-08
0.0
1.18928750905e-07
0.000364047578965
0.0
0.000126997781873
0.000384478985837
0.000117391231114
5.94532217274e-05
1.96178430281e-05
4.9863656498e-05
4.82796528959e-05
0.000115781328324
1.85379415307e-05
0.000218828951411
2.26619783747e-05
0.000785726766543
9.57358340018e-05
3.26945947944e-05
3.26586199912e-05
0.000138919259809
4.08622539382e-05
7.14540464753e-05
1.04168423718e-05
9.28322373653e-05
9.43688527726e-06
0.000258716432819
0.000301220175465
0.000209116947142
0.000433711975014
6.7733351346e-05
8.03811251517e-05
1.71732579107e-05
2.11233304106e-07
0.000159556569412
2.35434031142e-05
8.25146688031e-07
1.16200040255e-05
0.000305571201349
0.000115006504245
1.28701483554e-08
4.41248827527e-05
4.27514546673e-05
0.00011589516617
6.16277266242e-05
0.0
1.90109973695e-06
0.000700407692906
2.37336861219e-05
1.37888406847e-06
8.65400874358e-05
2.11149502322e-05
1.84488420706e-05
4.57983694484e-05
7.73609491825e-05
0.000146743483505
0.000125083604197
1.66067783082e-05
4.29940910375e-05
2.94903439124e-05
0.0
1.75609775961e-05
1.34766358699e-05
2.36195467217e-05
3.12012682963e-05
2.37936136328e-05
8.52646076104e-05
2.57630063219e-05
0.000185820210937
3.0870914413e-05
3.96429169685e-07
4.28143503259e-06
0.000115843682429
0.00034958808753
0.0
2.91795507178e-05
0.000162802517567
2.2563557484e-07
2.67711271324e-05
1.0024823491e-05
1.10805002382e-05
0.00087712574713
1.40160788756e-05
1.27423661684e-05
6.50978426008e-07
2.75499379306e-05
0.0
0.00162900693501
8.83709908231e-05
5.51299555436e-05
7.66606551131e-05
9.85112733355e-05
0.000568854223984
0.0
0.000774367142181
0.0
0.0001753267684
8.42331066782e-05
9.27845033425e-05
2.22854413306e-05
2.10405526978e-05
0.0
1.65754356662e-08
0.000197536280752
0.0
0.0
2.68340543186e-05
6.61098281619e-05
0.000240773912044
4.63916226004e-05
1.58397413294e-06
1.02314654064e-06
4.86385552251e-05
1.78032360308e-05
0.000133513524074
1.23220916352e-06
1.03444067902e-05
2.78302306239e-05
0.0
2.29702387463e-05
0.0
0.0
2.05938060117e-05
2.28694715288e-05
3.738009464e-05
6.59814552885e-05
0.0
4.28267481316e-05
0.000105377275463
6.74650729111e-05
9.48722291054e-05
1.36852273961e-05
0.0
4.77505276986e-05
3.41858643982e-06
5.93381527097e-05
3.49530580419e-08
3.09148125603e-06
0.000240878898579
6.97164727073e-05
5.46176089707e-05
1.60546646461e-07
7.59692024407e-05
0.000169238565427
0.0
1.41146209866e-06
1.35694727647e-07
4.74786694691e-05
4.61264266651e-05
1.03583105627e-06
3.95112129254e-07
0.0
9.51430007243e-07
6.44571400241e-05
2.84401022984e-05
3.15119635003e-05
5.83234814047e-05
1.55471244644e-05
0.0
2.66568358715e-05
7.26669216776e-05
1.61634577449e-05
0.00015480793335
2.50126896405e-05
1.90286001449e-05
2.28344628895e-08
4.75715003622e-06
5.64650492173e-05
3.05558331848e-05
6.05564438286e-05
0.0
0.0
1.36293678096e-05
0.000105679237919
0.000138421951792
0.000385989693597
8.11909833908e-05
2.0078880023e-05
1.21858030484e-06
1.82434566448e-05
3.05029540377e-05
2.86099717915e-05
1.83426161271e-05
0.000556150887567
4.53418958622e-05
0.0
7.14574691404e-05
8.30139459308e-05
2.99876483123e-05
0.000392316430243
7.25167806492e-05
6.24635414011e-05
4.22758086328e-05
3.39796431158e-06
1.65935677218e-05
1.58139864002e-05
3.17143335748e-07
0.000179213752056
0.000150482812791
0.000133628121882
0.00011339421837
0.0
1.94941336187e-05
0.0
8.20801189009e-05
0.0
7.10373583532e-05
2.46243419258e-05
2.74546317299e-05
3.91096415961e-05
0.000215208285234
0.000115487563652
7.46511944251e-05
0.000458113415072
5.62629497542e-05
9.42944213413e-05
0.000243512108758
0.000457109126425
0.0
6.64750214296e-05
1.48322335714e-05
8.17203296371e-05
2.11613495196e-05
1.83190591225e-05
0.000433249766092
0.0
0.0
1.41371163069e-05
2.28986562907e-05
0.000113806784951
1.56829122073e-07
3.13851383459e-06
7.69902932212e-05
9.43234716819e-05
2.86127555776e-05
4.33586393312e-05
6.06545616717e-05
0.000179927425924
1.98197676199e-05
8.26996181473e-05
0.000193192314078
1.90286001449e-06
6.15119473625e-05
7.71429735602e-07
7.10814045224e-05
4.58725182064e-06
1.7514961497e-05
0.000183266279285
3.84340897368e-05
2.80664040724e-05
7.73798263739e-05
8.52868842294e-05
0.000131105716574
8.63498319258e-05
4.47731768115e-08
4.65358324198e-05
2.21097716522e-05
3.16761570592e-05
6.21086246159e-05
1.71257401304e-06
4.75941019307e-06
6.77728295495e-06
0.00112414957397
0.000240275716341
0.000121425299512
2.59480911066e-07
2.99402517984e-05
6.27316488292e-07
7.3526893927e-07
7.19642772204e-06
1.62017402309e-05
9.77061913923e-05
1.99610360866e-05
5.43674289853e-07
1.36686300455e-05
4.87783883206e-06
3.90856104488e-05
4.06256865019e-05
2.84822546001e-05
0.000146161395261
0.000300683226583
4.28022256425e-05
2.67513524145e-05
3.94637354578e-05
7.11307195891e-06
2.81202079894e-05
1.86463499705e-08
9.38371376298e-05
7.51128953086e-08
4.45599821779e-05
6.8037089339e-05
0.0
9.8579082406e-05
6.1408876303e-06
0.000329382206425
0.000223992619808
2.80741709961e-05
0.0
9.33743167365e-06
6.56934471469e-05
0.000448931183032
5.62662913947e-05
0.000127729492084
1.40741863527e-05
8.47903820843e-05
0.000199131408761
1.42714501086e-06
9.1063312662e-06
2.06548919974e-05
0.0
5.09694646737e-07
5.2040338275e-06
6.50186641226e-05
0.000102161938465
4.75715003622e-06
1.66500251268e-05
6.10347447753e-07
0.0
2.42780418958e-05
2.20790558968e-05
0.000102316257851
0.000110459638569
1.42714501086e-05
0.0
1.54283025038e-05
6.88852806281e-05
0.000214338991009
0.0
5.62599731996e-05
0.000116121684784
1.93678852342e-05
0.000165594583781
0.0
3.84326996438e-05
4.7878390036e-05
2.9126409667e-05
2.33983336484e-05
0.000523902670567
0.0
0.000113061354508
3.26361585712e-05
7.47093777491e-05
3.13393876765e-05
0.000123598755744
5.8930067116e-05
0.0
2.26992304612e-05
9.44496509215e-06
1.42716784555e-05
0.000179288871214
0.00140465976609
9.81244707913e-05
0.0015568958455
3.73109806762e-07
0.000170084829503
0.000309661882348
2.12818377148e-05
1.49383125578e-05
5.71985754141e-05
3.92072805183e-06
2.21547273115e-05
0.000156868468193
3.87404862397e-05
4.49870869135e-05
1.08117046278e-07
3.23297425239e-05
5.62087793307e-05
6.10596788233e-05
0.000143714565298
5.38503474596e-06
4.59281891637e-05
5.05136887651e-05
0.000417937172797
1.10120036221e-05
2.29100142202e-05
6.95975930461e-05
0.0
0.000122783669251
0.00011291505373
1.80099833355e-05
9.39073773383e-07
2.33114743197e-05
1.42714501086e-05
2.95271381558e-07
4.50012465152e-05
0.000127863906124
1.7121511779e-05
4.00089153474e-05
6.33879774903e-05
6.46378187836e-05
0.00010236346847
2.99442659065e-05
1.10773636558e-05
1.56958183985e-05
2.3018179018e-05
2.9657321804e-05
0.000671153158166
3.59648310055e-05
3.58119578863e-05
3.33931896285e-05
3.10667630953e-05
0.000207968077871
2.841630939e-06
0.000204902891554
0.000401903158866
0.000184383940013
8.39591146633e-05
2.09917579129e-05
6.95962892598e-05
4.36346799936e-05
5.60039934742e-05
1.42714501086e-05
6.9849378996e-05
5.93995767234e-05
0.0
2.18362514407e-05
0.0
1.58571667874e-06
0.000531721575489
4.32963608224e-05
0.000197823053983
3.23177416162e-05
3.25375582109e-05
0.0
7.33619342222e-05
1.27517012352e-05
4.08865325956e-05
4.76134382114e-06
1.51095499589e-05
3.18060229148e-05
0.000246347529844
1.12187335079e-05
7.93446350518e-05
0.000760696055108
4.06345203779e-05
0.000100522501002
0.000229973828174
0.000621225558794
0.000679856787962
2.25486333588e-05
2.76391662232e-05
0.0
0.000167950261476
7.831302045e-05
0.000120170549381
0.000643783369703
4.63079923085e-05
1.60758863293e-06
1.82734969645e-05
0.000351844442605
0.000134212643341
5.34241705027e-05
0.000177087932501
1.68325258761e-05
3.39796431158e-06
0.000170281207477
0.0
1.75905297945e-05
6.72057209232e-05
6.98574418145e-05
0.0011543318313
0.000633619497472
0.000122275494527
0.000246404565062
6.48536348941e-05
2.59480911066e-07
0.000202031484075
3.09148125603e-06
0.00038186407758
8.38887851089e-07
1.75073305505e-05
0.0
1.48268922403e-05
2.21903450087e-05
0.000153142129254
1.03792364427e-06
3.25937603031e-05
1.14003591286e-05
0.0
2.95482734843e-05
8.03864574804e-05
4.910606489e-07
1.48719184565e-05
0.000198207204894
0.000212102614917
1.66366345727e-05
8.94201134626e-09
0.000267122179514
2.16234092555e-05
9.40050470103e-05
6.76199650456e-05
1.5618886992e-05
0.0
4.98035129458e-05
2.85429002173e-06
2.0098958903e-05
0.0
1.82648115696e-05
9.69183293804e-05
0.000134600318955
0.000164096845143
5.85371603394e-05
5.70850026841e-05
2.89467723489e-05
2.88381715988e-05
2.76032541679e-07
8.66345637102e-05
0.000392320266323
2.31322490461e-05
0.000122238874494
9.25046313147e-05
6.91105259605e-05
1.23529378966e-05
7.56680797707e-05
2.1759327828e-05
1.74428834661e-05
2.34160870615e-05
0.000160927983703
8.45304592275e-05
0.000128183261963
0.0
1.42714501086e-06
1.88648546752e-05
2.95622895108e-05
2.45436899066e-05
2.59221872343e-05
5.76079169283e-05
0.000270046918872
0.000126023092103
0.000262358228716
0.00058558561463
4.59599764172e-05
1.07646186252e-05
3.70955248901e-05
3.91831959877e-05
1.71244278552e-05
4.23752849736e-05
0.000163986980963
8.78783873685e-07
5.0085278667e-05
0.000648453182166
9.80621027495e-05
0.000427098914852
8.31110190564e-05
0.000700310336857
1.16507577805e-08
0.00231120322332
4.3859177495e-05
0.000378005868814
4.43044275604e-05
2.33368775134e-05
2.75377265475e-05
4.94622586016e-05
9.24508637676e-05
0.000407452412852
7.46931959316e-05
0.0
2.78410761594e-05
5.07475366708e-07
3.76305479949e-05
0.0
6.1845463901e-05
2.12032973043e-05
0.000106136956979
0.000121640556286
0.000169023321829
3.12648865222e-05
4.48132467027e-06
2.37857501811e-06
2.47124677206e-07
3.1492282146e-05
0.000123317804548
0.000781505186488
0.000577328494529
0.00152631791389
1.88250350433e-05
2.58996956847e-05
0.0
4.96884998988e-06
0.000371723958024
0.000342711600154
5.09694646737e-07
4.6061125958e-07
5.28083260264e-08
2.22409666798e-05
0.00011390988139
3.85562148305e-05
2.21995828936e-05
2.48599453505e-06
5.91711562261e-05
2.62971818697e-05
0.000176611874185
6.2443159483e-06
9.4225435248e-05
6.16692943701e-05
9.51430007243e-06
0.0
2.84034955207e-05
0.0
0.0
1.82102766475e-05
2.76183541359e-05
0.000112021244772
0.000175568949479
0.0
6.34557357083e-05
3.80572002897e-06
3.95782620342e-05
