724733505876463616
724498223038140416
724371105197133824
724135822178549760
724008746876325888
723773445054599168
723646353671380992
723411060049346560
723284017693515780
723048684183797760
722747746914947072
722686271265587200
721109641078403075
720874368293703680
720747309924003845
720511943417733124
720384927523586048
720149584794750976
720022450797428741
719787152800882688
715692776533299201
715692377692737536
715415231229366272
712886669079363584
712759651566292993
712524337836855302
712415430388928513
712397220553891840
712161907482992640
712034840946802688
711799570272022528
711672410970431489
711437154984062976
711310080617144320
711074751612067840
710947703933501440
710365727522312192
710349995296362497
710222956186755073
709987588975755264
709860614097772544
709625245234241536
709263004009779200
708818008920076288
708773346457083904
708538039627333632
708410994574401537
707813267192856576
707686203789852674
707450910994264065
707358631923228672
707102601687465984
706996099970678784
706740201083838464
706637838356336640
706271367449153537
706015540268146688
705908952370909184
705653005157310465
705546624307744768
705542074083348480
705290639932530688
705184270302711810
704821777495621632
704565841472462848
704459397737504768
704203487714910208
704123204457992193
704097117913161730
702991997976449024
702753899921416192
702647455805022208
702391600962478080
702285064944676865
702029137255464960
701922705831043074
701666751617048576
701560398298947586
701304362904190976
701197915302326272
700941967480455168
700835528963444736
700579572987908096
700473157115846656
700217256878436352
700193258358439936
700110791366877185
699854827531202560
699748424527249408
699492489829486592
699385990113292288
699130022423097344
699033996022317056
698767637422215168
698661196422115328
698405269152362496
698298875422121989
698042871539200000
697936442325127168
697716572924678144
697680469228441600
697574051083116550
697318103487750144
697211711523262464
696955695363710976
696849285678309376
696486955362729984
696124497699725313
695868573743476736
695762080138448896
695506158560403456
695143765917458432
695037341287780352
694781423857852416
694674941485129730
694419008062427137
694312561165144065
694011901907304448
693974651945357313
693208056142942209
692996422740893696
692634004596604928
692483238267346944
691033674565951489
690822071333605376
690671317574623232
690459714241441792
690308957743742976
689946524558741505
689735017367474176
689584191323906048
689221746554236928
689010120148258817
688134585536786432
687922981272682496
686835841407299584
686685105700663297
686473386340552704
686322716488679425
685960331718451201
685597966711808001
685235467906891778
684873108914847744
684510706058825728
684299096102977537
683936688423436288
681621790536241153
677680150247555073
677413695111213056
676688932051009537
676159703517298689
675601795822014464
675451050262929408
675239395188953088
675124858980802560
675091135010897921
674893114725765120
674820113493794816
674762477310246912
674728803797762048
674710646081118208
674457778400964608
674366431480455168
674348240213536769
674168326575284224
674095356053950464
674037692351557633
674003996537933825
673985918911557640
673732961951490048
673675308155977729
673645444862316544
673641575226937347
673623512599420928
673443522339565569
673370589747404800
673279187134898177
673261135651540992
673008150296051712
672916814905626625
672625207496990721
672554418978598912
672291316827422720
672192054794022914
671994021003313152
671921027912499200
671863361051762688
671829673760960513
671811581206994944
671558601014714368
670380087599079428
670361987176652800
670182070723944448
670109042812051456
670051428732420096
670017731199111168
669999605459902464
669819649677225984
669746674760290304
669689041521127424
669655319526711296
669457288256688128
669384268704047104
669292935511437312
669274815879098368
669094877184065538
669021882310610944
668964263143284736
668930532802240513
667839090339876864
667632255725096960
667589143665377280
667588809719070721
667486259896524800
667485137878183936
667458589636894721
667187601221152769
667184044967235585
667123905186955265
666864162413350912
666810056885665792
666782145965264901
666762058377990147
666761512686612480
666479657043128320
666437392140804096
666388480709144576
666373899953684480
666139390297665536
666088327573966849
666058993358409728
665697483822120960
665519049678446592
665384127999295488
665335100033409024
665317752215769088
665022369346355200
665008456634490880
665006333087870978
664966943925886976
664612660512604160
664593494732750848
664291510947475458
664280984418816000