0.00750933656733
7.40612765106e-05
0.000843920976413
0.000224539658471
0.000220401323846
5.25323137007e-05
0.000194710543026
0.000373724650822
0.000684373632149
0.00380024131761
0.000104497449015
0.0042127681323
0.00284001591782
0.000510927205345
8.40476769228e-05
0.0107570601639
0.00397115363172
0.000143535805876
0.000673265756892
0.000394480369147
0.000145174619786
9.21948368588e-05
0.000378314015759
0.000285487109916
0.000853527497257
0.00471575932043
6.22895369189e-05
0.00360565819197
0.00222585031712
0.000517657334997
7.74375814464e-05
0.000879020056238
4.4271544946e-05
0.000122744319457
1.72600661396e-05
8.04579927274e-05
0.000138486017319
0.000113868201776
0.000303526285885
0.000148738681469
0.000265902697221
4.81769703094e-05
9.88766617655e-05
0.000128174826796
0.000939386357675
6.97152033279e-06
4.28227147498e-05
0.000288034966053
0.000295041056909
3.91191752093e-05
4.17282919022e-05
6.50885001454e-05
1.85514645317e-05
0.000279509342745
2.51189851193e-05
0.000109693907994
0.000218940878069
0.000179638632364
0.00323081365012
0.00124331576068
1.69154199719e-05
0.000661688770624
0.000243918662774
0.000181529081104
0.000339206334924
0.000334167205426
0.000649258553702
0.000707704136721
0.000987879272511
0.000263603196641
0.00911881185289
0.00152667285996
0.00252424152137
0.00125783629935
0.00104209070535
0.00138907683544
0.00055370260898
0.000245222321353
0.000678320098949
0.000179945271018
0.000126418657849
0.000337363141088
0.00218096523117
0.00141771906176
0.000332993261995
0.000246760078382
0.00373890357426
0.00601268502043
0.000551216062447
0.0012741827162
0.00212536742401
0.000453653288684
0.000175076297088
0.000376630737669
0.000101734117942
9.22784543038e-05
0.000205079248137
0.00100570297323
0.000433144721662
0.000108601533171
0.00194161976355
3.09027294522e-05
0.00744971333013
0.000786256227814
0.0015847001491
0.000597900569527
0.000354195168895
3.48239981701e-06
0.000101234568425
0.000376925042033
0.000297318271397
5.36841169206e-05
0.000289354654858
0.00143195773673
1.24290704866e-05
0.000755945582766
0.000464460874574
0.000152310004891
0.00249189278452
0.00375054126758
0.00060337487497
0.000644814018421
0.000624952524995
0.00065007848072
0.00016810015216
4.17209494962e-05
0.000179755693925
0.000138663175393
0.000414810296641
0.000463673758067
0.000152830158639
0.000111057479857
0.00111595211332
0.00239045747087
0.00391593101579
0.00087437755411
0.00126849967959
0.000121826268255
0.000149118086927
0.000161331323142
6.28849910748e-05
3.56064781816e-05
8.92499966205e-05
0.000251324999784
0.00119067091402
0.000503912161626
0.00806289391912
9.4367460791e-05
0.00322770550804
0.00133248105973
0.00619472708709
0.00128194037318
0.0024018430932
0.000211981214989
0.0035364566406
0.0031109095117
0.000234554753939
2.5391031763e-05
3.85330630639e-06
3.23766668583e-05
5.34541911511e-05
7.90064983109e-05
0.00439953928
0.000773235821456
0.00157631912246
0.0102755916072
0.000274808589899
0.00583732303969
0.00808875720108
0.00161652498415
0.00514382375822
0.000827080037224
0.0129265844277
0.0152713680746
0.0379138273642
0.0492809837557
0.0489082802622
0.00532019441112
0.00021282026532
0.00288245610802
0.00289917406535
0.00510069640383
0.000352456267307
0.0193444315732
0.0034336937667
0.00230687057617
0.00420244217167
0.000672947909716
0.00167575153999
0.000346826002725
9.69912188417e-05
7.97870749213e-05
5.67421807509e-05
4.20420128112e-05
0.000238787069446
0.00210098465014
0.00115944772852
0.000352309279824
3.83240733503e-06
0.00890195852481
8.97709167445e-05
0.00149735837897
0.00333427186594
0.0231917363029
0.000190526999049
0.00553346632614
0.00906897556314
0.00111496293854
0.00171281608981
0.00371547538932
0.00115270763997
0.001102471264
0.000978126952215
0.000667611938604
6.49222825987e-05
0.000601769241333
0.000118241032563
0.000219341271713
0.00213864967188
0.00110637110271
0.000312185767831
0.000132184910263
0.00237857885507
0.00269271469411
0.000131898349162
0.000398352045611
0.000833469075273
6.34171569488e-05
3.49162904419e-05
0.000216452185734
2.20862724223e-06
0.00016790552354
0.000787712718098
0.00236638573479
0.00254499719865
0.00362997117566
0.00446472601476
0.000419147458275
0.000147811164891
0.000589732340016
0.000119639286329
0.000210082541083
0.000136741017955
0.000647746128265
0.000290827072486
0.0121950755461
0.000461625377567
0.000440173109355
0.00164213110251
0.000253877807392
0.000278164316319
0.000147486304639
0.000126835052673
0.000167463016803
0.000768483466981
0.00184229532829
0.00345951771331
0.00484055138512
0.00271997935825
0.00456275713592
0.000724248046957
0.00261730071106
6.64740212095e-05
0.000885416778286
0.000664459044152
0.00035750464705
0.00197087709819
0.000399814979549
0.00921716070358
0.00034289986829
0.00113800199354
0.00173586605012
0.000691325199749
0.000251116915405
0.000616826072522
0.000298142736698
0.000199030381132
0.000608672758577
0.000812190066336
0.000754543867072
0.00309076751491
4.75010058818e-05
0.000540589463332
0.00169470583618
0.000860810508515
0.00136806699306
0.000357708037727
7.96452149838e-05
0.00359211984762
0.000752240261862
0.0102806055059
0.000990195397042
0.00105355712438
0.00349237763358
0.000945952034049
0.000961861765248
0.000497843162003
0.000283266298768
0.000843815416063
0.000180665039363
0.000207569782422
0.000162883331887
0.00332550484869
0.00139416079251
0.000127922183095
0.00043304604772
0.000873134179069
0.00109282445738
0.000789091916077
0.000336948478941
0.000157052633574
0.0014227595491
0.00122768787612
0.00748836162063
0.000100039018078
0.000779464993225
0.000134827331124
0.000551891584168
0.000144113826024
2.52185946988e-05
8.08486856508e-05
0.000688473940581
0.000731896510114
0.00544018681781
0.000553839771837
0.00138335670706
0.000859230709072
0.000290938616201
0.00027466971712
0.000971239318252
0.000453377493413
0.0130338164278
0.000244075916293
0.00166391434205
0.00164556359623
0.000541954800952
7.21625799875e-05
0.000521203453593
0.00010829364666
0.00050954348396
0.00168406264091
0.00429129414792
0.003707291808
0.00068845041034
0.00280454112194
0.000135943571313
0.000529800962412
0.000753130907277
8.24812938801e-05
0.00018517133807
0.00101247543673
0.00038097494284
0.0020951326848
0.00217633444964
0.000217746640433
0.00866008933838
0.00806608693856
0.00739030479247
0.000371646498435
0.00485144586022
0.00247595043669
0.00793697620972
0.00172497561723
0.00243359461543
0.000512246803528
0.0112512239147
0.000140872052436
0.0017927962753
0.00718907457072
0.00383478236588
0.000905679389753
0.00735098376726
0.000654657471898
0.00445773335472
0.00323774975106
0.00308188771706
0.000225779631058
0.000118591609454
0.00108584966966
0.000751502786721
0.000640898247583
0.000243764227093
0.000151469467613
0.000195875852889
9.39100681363e-05
6.93517296817e-05
0.00071140110187
0.000199358687401
0.00015180812918
0.00020634917212
0.00135387322362
0.000491076856489
0.00038011223056
0.022000479285
0.00386944629719
0.00803484300551
0.00013231834469
0.000675659438152
0.00288246662016
0.00338393643488
0.00774725714927
0.00194327495415
0.00713277112217
0.000713870142711
0.00510473585451
0.00332968292202
0.0104327880453
0.000784347771976
0.00093224874389
0.000493862959023
0.000237633647905
8.43793848298e-05
1.37369459431e-05
5.42475032669e-05
4.21605141114e-05
0.000129483055342
0.000503639927252
0.00045157519876
0.00871991963588
0.00135718606356
0.00181308472967
0.0027547591993
0.00126641736717
0.000854576078054
0.00140005968959
0.000779295578964
0.000983343872494
0.00337035425043
6.95161401179e-05
0.000252367901937
0.00172543972553
0.000976588785626
2.68355091788e-05
0.000692490170787
0.00191372124021
0.000226338214365
0.00279531732932
0.00188103406649
0.00950404457621
0.000162288295709
0.000746302172909
0.000394979228857
0.000289802438361
5.7462560374e-05
0.000586823083227
0.000494092409492
0.00140602588441
0.00673334415705
0.000164409584331
0.00292220860314
0.000779242076997
0.00630125777669
7.62655081249e-05
0.00117013458791
0.000501467498573
0.000119155768846
0.000104000401411
0.000585496251855
0.000337756998735
0.000953636823734
0.00542567925203
0.000117322205448
0.000649678631413
0.000124440308985
0.0021625824172
8.44671872924e-05
0.000299952092684
0.000208388025451
0.000131912709062
0.000156608119044
0.000162753670159
0.000346630583534
0.00180424503003
0.000105118979937
0.0
0.00103012930096
0.000188989967767
0.000260712803945
0.000124758428728
0.00015858604351
0.000255297508878
6.91198986933e-05
0.000321697105231
0.000239876516834
0.000181626619172
0.000461554488608
0.000166644597453
0.0135316279575
0.0025162454521
0.00417909035298
0.00175469600472
0.000463003411654
0.000160132414141
4.92631442994e-05
0.0015429394626
0.000112817355607
0.000150141646649
0.000603969133977
0.00908344563182
0.0029800701246
0.00131070833707
5.69329153873e-05
0.000412214096479
1.61390505246e-05
4.33155355399e-05
1.10663535265e-05
6.90181945132e-05
0.00602041310769
0.00091159891687
0.00173766279061
0.00186772770407
0.00265171519814
0.000412964287874
0.00018983050238
0.000548729640061
7.62963937835e-05
0.000310309246967
0.00129902535322
0.000611714463301
0.000392573182836
8.6797690524e-06
0.00256992933223
