1.32320739657e-05
0.000304019505377
4.73182330551e-05
0.000140121954295
3.27154432075e-05
0.0
5.16626458982e-05
1.68806778561e-05
3.85588507466e-05
1.43829302633e-05
4.49109639779e-05
9.96973909546e-05
1.79586921054e-05
1.83815506908e-05
6.21685856804e-05
0.00064746116425
0.000267799853822
0.000108323597561
2.50039827303e-05
5.38940172952e-05
0.0
0.0
3.43612851372e-06
1.80335623621e-08
0.000152832026571
0.0001127583264
0.0
9.49084148295e-06
3.82126157683e-05
2.2056726188e-05
3.645536071e-05
2.6754901181e-05
0.000319454670265
1.27254674085e-05
5.41232662251e-05
1.83382360857e-05
1.67989759312e-05
0.0
0.00057893450688
2.75307530974e-05
7.02348267592e-07
1.52818634047e-05
5.79411907819e-05
4.03319807463e-05
0.000177354856906
1.41822827099e-05
3.29833880661e-10
4.24496205687e-07
1.74649867483e-06
0.0
2.3614982635e-05
3.77971421544e-05
3.99525840647e-07
0.0
1.36949006666e-05
0.000304778104736
0.0
0.000222937765218
5.09395446825e-06
2.02656866887e-05
1.68863235876e-05
9.52658853185e-06
6.67684295544e-05
0.000216403104014
1.37536770643e-05
2.59684811703e-06
1.20374062511e-05
7.27707781178e-07
0.000307902199364
1.75380183536e-05
7.36546336366e-11
0.000105514814146
0.0
9.98814601617e-08
0.0
0.0
0.000165252782358
4.52362134852e-05
6.87615376944e-05
7.27707781178e-07
2.3154338492e-07
0.0
2.23104993341e-05
1.17723161791e-05
7.48554220762e-05
4.65894328639e-07
4.29397177971e-05
1.52818634047e-05
1.77621001279e-05
4.11632684303e-08
8.48660653769e-05
0.000102608228231
0.000106696805054
4.32890814593e-05
5.5288816378e-05
2.29227951071e-05
1.69798482275e-06
0.00153573322978
0.000304767024696
1.84005243982e-05
2.80257441706e-05
0.0
2.15219576283e-05
9.37292698797e-05
2.04419731258e-05
4.69974412435e-05
5.22277280767e-05
0.000127679145295
0.000245855251099
1.02413906813e-05
0.000375094284306
0.000201360888777
8.16001325304e-05
0.000345772926804
0.000545319597764
0.000440870240956
3.0795453577e-05
7.65351341739e-05
0.0
9.52330229021e-05
3.72070415266e-05
0.0
6.40483765276e-05
1.80477632104e-06
3.13784342919e-05
0.000180188844468
0.0
3.4650650482e-05
6.2807387992e-07
0.0
6.8702096467e-05
0.000124366374169
1.95921325702e-07
2.93145696749e-05
2.00915942786e-07
0.000106872005515
1.75670429022e-08
8.33542714321e-08
0.0
0.00016493130784
9.46423573011e-05
3.61611190589e-05
3.22281313152e-05
0.000160707803062
1.23683606002e-05
7.33602644553e-05
9.53488598916e-05
5.32549785317e-06
1.3079625342e-05
0.0
2.18312334353e-06
3.49133591637e-05
1.55014675281e-07
0.000132626511858
0.000221281922608
3.36895132549e-05
2.36661076639e-05
0.000283483989089
4.09941932938e-05
3.34273829289e-05
0.0
5.19534609785e-05
1.13669050632e-05
7.84881943505e-05
0.0
0.0
5.09463140572e-06
0.00010699877316
4.57971028286e-05
1.47650854152e-08
8.20586327038e-05
2.57469092112e-07
0.000147389945313
1.52818634047e-05
0.000303466369619
1.67932564887e-05
0.0
2.08003140787e-05
4.50849454626e-05
2.24973463153e-05
1.90406655966e-05
3.02800716305e-05
7.64093170237e-07
0.000108593685061
1.64769834915e-05
0.0
1.78052338069e-05
9.1242098566e-05
0.000185129458314
0.0001022093701
4.35575537495e-05
4.14006288502e-05
2.7258121926e-05
0.0
2.09246864125e-05
5.25827558013e-07
0.000187159630474
3.16384854236e-05
1.44894704875e-06
0.0
0.0
1.27348861706e-07
2.33430226359e-05
0.000133273288718
0.0
3.19574206952e-05
2.10054512022e-05
0.0
0.000103314684342
0.0
2.56406387385e-05
7.82070257566e-05
0.0
0.000198436842156
0.000154415155503
0.0
3.96403344787e-05
2.64621011338e-05
4.04282100655e-08
4.0751635746e-06
1.54092122664e-05
3.30418668211e-06
4.0751635746e-06
0.0
2.44677747041e-05
1.92924903504e-05
1.52818634047e-05
7.27707781178e-08
5.29242022675e-07
9.03098430049e-05
0.0
1.58772606803e-06
9.21035328622e-05
4.0223245575e-05
3.5692329094e-05
2.59387376947e-05
2.02255577413e-05
0.0
1.23240833909e-07
1.83089604853e-05
2.66396991279e-08
0.0
0.0
5.21448150233e-05
4.16412024139e-05
6.82523311105e-07
4.61089326626e-05
3.37485531716e-05
2.82126709011e-07
0.00570948605764
1.21441961229e-06
0.0
2.2442037002e-05
2.18312334353e-06
6.24276950301e-05
1.54420764888e-05
2.92818902403e-05
2.21118549333e-05
4.40822982829e-06
0.0
7.68800256441e-05
3.54717617029e-05
6.61552528344e-08
1.52818634047e-05
4.21398314882e-05
2.98794739493e-05
4.49466570728e-07
2.80105111091e-05
1.58295296315e-05
2.72403982259e-06
0.0
2.35105590843e-08
6.83437820256e-05
4.30479882048e-05
2.6487754729e-05
1.94951914157e-05
0.0
7.33529443428e-06
5.73966937163e-05
0.0
1.52818634047e-06
0.000140579817304
5.65859098787e-05
6.28430630435e-05
3.05637268095e-05
0.000171106303446
9.14255165909e-05
9.22066323421e-06
0.0
7.02832735257e-05
0.000107741880699
2.2920844862e-06
0.000250422357549
1.22450227846e-05
0.0
7.89377932118e-09
0.0
9.04427013983e-05
0.000182892645762
0.0
7.00863770821e-05
4.04178404017e-05
1.46605749814e-05
1.27743903073e-05
3.02342484919e-05
2.54697723412e-06
4.88354933415e-05
2.49562688666e-06
3.2216635259e-06
3.05637268095e-05
0.0
2.31791575215e-05
3.82561739081e-05
3.33207245672e-05
2.06536699349e-05
7.55547514635e-05
0.0
3.72829254802e-05
8.15659124843e-05
3.02143691409e-05
0.0
0.000128584869559
0.0
0.0
5.51295623306e-05
0.0028199754876
1.90425114709e-05
1.67932564887e-05
9.12323302019e-06
4.18797374516e-05
0.000165236263061
7.63184151619e-05
9.87852735776e-05
0.000132445351986
9.23923277901e-05
6.91918514032e-05
8.31930162181e-05
4.99633840749e-05
0.000173214286593
1.45817878981e-05
0.0
1.52818634047e-06
6.15328908113e-05
3.38518866043e-05
3.53649252738e-06
0.0
0.00034187550381
9.72955837789e-07
1.27638290937e-05
5.15582436057e-07
6.76603015591e-05
0.0
1.84135340456e-05
2.59791677881e-05
0.000189359007417
2.44666100754e-05
0.0
1.69798482275e-06
0.00204259902362
6.7749250851e-05
2.47867619549e-05
2.20323884318e-06
2.30243508481e-05
6.26943336479e-07
0.00353417339263
0.000153218689498
1.69313343754e-05
2.18833306584e-05
0.000199528508013
0.000101344620212
4.07821260776e-05
2.27480412584e-05
0.0019348322705
0.000160921870267
5.73774000388e-05
2.70078819696e-05
1.02735216166e-07
0.000113643283653
6.80762160822e-05
1.36699667827e-05
8.58025665059e-05
0.000272582315441
5.76889231412e-05
8.10786546501e-05
2.6958755859e-05
2.49855667791e-05
0.000252411243668
5.5369070307e-06
4.71404885042e-05
1.65553520218e-06
0.0
5.10953341861e-05
1.86103311256e-06
5.75494526635e-05
3.26535542836e-06
1.1523684406e-05
2.62679792591e-05
0.000149082970349
3.32139391595e-05
5.19886429738e-05
3.00329899325e-05
2.30316402881e-05
3.3959696455e-07
8.44724023588e-05
7.2530378668e-05
0.000113497609512
0.0
1.81926945295e-05
0.0
2.93535698435e-05
2.24167060738e-05
1.17264537968e-05
0.000499916869519
0.000309872700028
0.00011873679073
0.0
5.43358232769e-05
4.08175975624e-05
5.87594478704e-09
4.6577841346e-05
0.0
1.97712567769e-05
0.000168893691517
6.71730259549e-07
6.46509292638e-08
1.42365908374e-05
0.0
0.0
1.58852276682e-05
0.0
1.87194231319e-05
1.00248736884e-07
2.6397079971e-05
0.000604691021946
2.56153138975e-05
6.10820210539e-05
3.00922779841e-05
0.000216704888798
0.000311118264502
5.31388939987e-05
4.36252413124e-05
2.24847573433e-05
3.30637476928e-07
0.0
3.00626821077e-07
3.02550022963e-06
7.70289114723e-05
0.0
1.11878404435e-05
0.000178361305397
0.000269757881498
0.0001063490749
3.21919845604e-05
4.10028686119e-05
1.73274671676e-05
0.0
1.74265290788e-05
1.52818634047e-05
5.25110258069e-05
0.00143541468416
4.29288553692e-05
4.15755524357e-05
0.0
0.000106564063794
2.42085340249e-05
0.000109992290205
0.0
7.74001661293e-05
8.4394130663e-05
2.16968873834e-05
6.60857210899e-05
0.000179866927087
7.49482392857e-05
0.000206544858035
3.03916833868e-05
4.08515172061e-05
0.000133756894037
2.5405153694e-05
0.000109175538935
1.07784851814e-06
5.09395446825e-06
5.85725486648e-05
2.54697723412e-06
2.59100959479e-05
2.21633507457e-05
0.000236595030596
3.44853284979e-05
4.67798030337e-05
8.60126970788e-05
2.77852061904e-07
6.86393844747e-05
5.68863373839e-05
0.000133788914393
0.000713138636146
0.000168179820396
4.15358460173e-05
2.02987171482e-05
1.96481100918e-05
1.93504114541e-06
3.77225290171e-05
0.000186256890877
8.64928859701e-05
1.69880111112e-05
0.0232427263015
0.000178896716073
4.47693623261e-05
0.00010255216335
3.16728943147e-05
0.000138780294876
0.000124635388948
0.000260754346728
0.0
7.15846848217e-05
5.08716857659e-05
1.43219217085e-05
1.95620371285e-07
2.44509814476e-05
2.27079675334e-05
0.00027041492447
3.50362749869e-05
1.89019260698e-05
4.57651738962e-05
7.61533106884e-05
1.89784213902e-06
0.000105610941579
0.000359071865974
3.3959696455e-07
0.0
2.81525983464e-05
1.55502343161e-05
3.73025436084e-05
1.82216177322e-06
2.21945976671e-05
6.20561470731e-05
3.14614476862e-05
2.37359976127e-05
1.28776733356e-08
3.18161149023e-05
3.02198044857e-07
8.32416548131e-05
0.000273069188368
1.48846585951e-05
3.32759410437e-05
4.30852043677e-05
4.77585085132e-05
0.0
3.07858337089e-05
0.000446154391324
3.95852864983e-05
0.00025425996319
3.55913071457e-05
0.000108666591197
1.31838961964e-05
4.37430280165e-05
2.94368729221e-05
3.41821964265e-05
2.54137948196e-05
3.46597547331e-05
0.000242625405684
0.00022213693001
0.000465099245286
4.63939208648e-05
0.0
4.23425411054e-05
4.49304437605e-05
0.0
2.3154338492e-07
4.99613627531e-05
0.00502603236221
1.69167602925e-05
0.00012087557732
0.00130262058757
0.000139251573322
0.000140527816985
2.85203453254e-05
0.006773240946
0.000410908968203
3.33711601409e-05
0.0014264214781
0.00109432343558
0.000421990859797
0.000669608671094
0.000369990083097
8.29450968179e-05
0.00224060506682
8.91118970035e-05
1.69332002928e-05
1.45541556236e-07
8.936762225e-08
3.38760518824e-07
0.0
1.00517909342e-07
0.0
7.92332920079e-05
0.000122624255842
3.42420536597e-05
0.000140930524322
3.1251741439e-05
9.52752604245e-05
5.33911805228e-06
2.02104297409e-05
3.57209350097e-05
5.41363523062e-05
3.31343516966e-05
9.97575351084e-05
8.32187244498e-05
0.0
5.7031686548e-05
1.52818634047e-06
1.52818634047e-06
1.00458595221e-05
0.000130936614887
3.7687665368e-05
1.38926030952e-07
7.21412919744e-05
0.000149290350659
3.80369938195e-05
2.33185971442e-05
0.000111577318144
0.000108111805369
3.67613395032e-07
0.00115585740393
2.53839541974e-07
0.000437923542111
0.00015875961288
0.0
2.12564394134e-05
0.000105741630118
1.95836315162e-05
3.5256612797e-05
1.30987400612e-06
0.000130539691962
0.0
4.27126167142e-05
2.06543215143e-05
5.09395446825e-07
4.50229824319e-07
0.0
5.09395446825e-06
2.94216782342e-07
0.0
2.61690268583e-05
0.000193642286035
3.07206107733e-05
0.000226570345098
0.0
3.05637268095e-05
0.000390976449207
0.0
0.00032535604439
4.63160426025e-05
0.0
6.40737826842e-06
7.56101215214e-05
0.000131943933237
5.09395446825e-06
6.64088683388e-05
4.85344860784e-05
7.11513678845e-05
0.000243314011943
5.41350902326e-05
5.76353215236e-05
5.38531105739e-05
0.0
0.0
1.76329193132e-07
4.82294166503e-05
5.34025666729e-05
0.000136532906331
5.09395446825e-06
2.85735986378e-05
1.57256847017e-05
2.65236524338e-05
5.96793554953e-05
4.29965563585e-05
6.23724982911e-05
9.63271598621e-05
3.11333684963e-05
1.61433053335e-05
8.936762225e-08
5.39971081892e-05
3.17336570115e-05
2.8942923115e-08
1.52818634047e-05
1.17966963113e-05
0.000181554803896
9.32542885329e-05
0.000166622561401
1.4367088924e-05
0.0
3.88378944223e-05
2.55038187342e-05
1.89249082412e-07
9.57510238391e-09
2.30825722602e-05
2.13508437072e-05
0.000132554991895
7.10969839458e-05
5.48084177343e-05
0.000150277504511
6.04898019233e-05
0.0
1.33646774945e-05
1.54362256614e-08
1.65259017324e-05
5.19931299051e-05
1.41744819986e-05
3.85916477052e-05
2.7942103822e-05
8.17556801088e-05
4.57517939377e-05
3.44594934845e-05
0.00091528705233
0.000251423391704
1.78288406389e-05
2.33214782421e-05
5.09395446825e-06
1.95921325702e-06
6.70845627958e-09
4.06708706793e-05
4.72612247424e-05
7.33117660254e-05
0.000240842955041
4.18572609363e-06
3.95763853775e-05
0.000209037816295
9.09634726473e-06
7.55062920414e-05
1.71667768221e-05
0.000246405071486
0.000182749056314
8.98205330915e-05
0.000114292288947
1.91218413389e-05
6.2111462615e-05
0.0
0.0
0.0
0.000850876289491
2.3658700387e-05
2.12975410465e-05
5.12299990215e-05
0.0
0.000348852243983
8.05297011217e-05
0.00021368368158
5.69256868757e-05
0.000205032755997
0.000782734949126
6.92671986135e-05
1.52818634047e-05
1.95921325702e-06
1.26000461994e-05
5.97866639228e-05
6.47757908711e-05
0.000176075273791
1.8391160288e-06
5.06285863245e-05
5.79996486322e-05
4.01174892797e-05
0.00023954865571
0.000234787539722
0.000230772635836
4.8148980929e-05
0.000154579785618
0.0
0.000616684121547
0.0
5.03868882986e-05
0.0
0.000115900528419
0.0
8.10995888145e-07
4.07303086027e-05
0.0
2.80167495754e-05
7.8006378377e-05
2.18312334353e-06
2.62702509005e-05
4.95460812723e-05
0.00579547283757
2.96925312892e-05
4.32085172035e-05
2.54697723412e-05
6.47480471082e-05
2.76621484267e-05
1.88991367413e-05
0.0
4.24496205687e-07
3.65120884098e-05
0.000482174652655
5.61102419781e-05
0.0
0.000233124320104
2.58821692096e-05
0.000209745714757
9.98814601617e-08
1.29990642327e-06
5.09395446825e-06
0.000135896416086
0.0
0.000101418571002
6.46167585825e-08
1.56737060561e-06
0.000526986969442
1.790550625e-05
7.61469064155e-05
3.96676543636e-05
9.15398748502e-06
0.0
1.27348861706e-06
8.89710539241e-05
3.6182274636e-05
0.000103611664873
4.63209530114e-05
0.000132856078594
3.38736450251e-05
3.37640493365e-05
1.01879089365e-06
3.6590708283e-06
5.82757168321e-05
0.0
7.27707781178e-08
8.40553203514e-05
4.19831412218e-06
1.81869584089e-05
5.61135274206e-05
8.85298623312e-05
0.00019251084452
0.000109900612532
3.84124400607e-05
2.37775558525e-05
1.68653536573e-05
2.00451504398e-05
6.0127359694e-05
8.4388835341e-05
3.12589694049e-05
1.79024239939e-05
3.99211000016e-05
7.32969476854e-05
0.000122045232527
1.22823068371e-06
1.75804554735e-05
3.02293745857e-06
6.1613492827e-05
1.67932564887e-07
0.0
1.65046375796e-05
0.000114759105199
0.0
9.43029594261e-05
0.0
2.81215177571e-05
4.06710653786e-05
1.29278279181e-05
7.29553819962e-05
2.39060167487e-05
0.000195701740646
7.57618179583e-05
4.98608011071e-05
2.10222003175e-05
9.53012098847e-05
0.000118370057092
2.54697723412e-06
3.44886519617e-05
0.000105503245231
6.51099537266e-05
7.65701893899e-05
0.0
1.15462967947e-05
2.08003140787e-05
5.31682129265e-05
1.77277331742e-05
2.1071784878e-05
4.03901588164e-05
0.000115911461548
4.65732979954e-06
6.77092571327e-05
3.64677480981e-05
0.000144628579463
6.38290532916e-05
2.81659438927e-05
4.90778203676e-06
3.39276486852e-05
0.0
5.7738812376e-05
0.0
2.55651589849e-06
3.21576342547e-05
0.000233922168751
9.31820939322e-09
5.15268401766e-05
6.49916410004e-05
2.89666221789e-05
0.0
4.41348512318e-05
2.67368029455e-05
0.000276962349184
4.80094319795e-05
8.55252712594e-05
0.00027934365707
3.40958070502e-05
4.30472627608e-05
0.000155921980173
1.52818634047e-06
0.000102738356818
5.09395446825e-06
9.44579581142e-05
7.70507124121e-05
0.0
2.51163770056e-05
2.37677800339e-05
6.14858577168e-05
8.19413887583e-05
2.77788666446e-05
9.33166551626e-05
0.0
0.000114607631755
4.04065018744e-05
1.94165667069e-06
0.0
0.000207962296593
0.0
9.44313486361e-05
0.000113159458178
8.4173025111e-05
0.000100354372719
0.00029568368614
0.000133978009842
0.000110036819456
8.13175890205e-05
6.95307437577e-05
1.79389139614e-05
9.01762199311e-09
0.0
2.7638811018e-05
0.000108957934312
4.0751635746e-06
0.0
5.60776641689e-05
6.74015804016e-05
3.60375424947e-05
0.000202947056015
3.54329479924e-06
0.000155135414845
6.12116991735e-05
4.84358826261e-05
0.000195764657696
9.11448192833e-06
3.25359087943e-05
7.20772239388e-05
7.71629798626e-05
2.54697723412e-06
5.87302985751e-07
2.784450592e-05
2.75022426572e-05
0.000122318478933
3.12928383449e-05
0.0
0.00014682451358
0.0
6.16382377466e-05
2.80390406388e-05
3.74179987257e-05
3.43511150343e-05
0.0
7.46367201531e-05
7.10085921436e-05
0.000472161480069
3.828155048e-05
0.0
2.54697723412e-06
4.69200887351e-05
2.09438901528e-06
4.39829586206e-05
0.000218639979557
1.57371472473e-05
3.29458129133e-05
1.42307191994e-05
3.43222728281e-05
0.000326119878317
0.000179285597461
0.00294435613706
3.16176484236e-07
2.13812036233e-06
4.53651863153e-05
0.000553188421388
4.19092742413e-05
7.56816092425e-06
3.14727946318e-05
0.000204556458741
0.000683929796019
0.000172300750694
0.00152774970439
8.97689238726e-05
1.50966286968e-05
1.52818634047e-05
0.000155719425317
0.0
2.58082568246e-05
7.19146513164e-06
0.000119929583658
5.2140935454e-05
7.82263521349e-05
0.000139948116481
7.05998039369e-05
0.0
1.33413093216e-05
7.71370248049e-06
2.29227951071e-05
2.67375709238e-05
9.04210697653e-05
2.20610358926e-05
2.60660134601e-05
1.20071783894e-06
1.4442802339e-06
0.000203637078122
0.00143124264935
0.0
7.34219176064e-05
1.52818634047e-05
2.7406204142e-05
2.20135625686e-05
3.1443182608e-05
5.33849599095e-05
0.0015654325521
2.91083112471e-07
0.000103478511272
0.00371775905642
0.0
2.48955699944e-05
4.34155945567e-05
1.95921325702e-07
6.53071085672e-08
6.4665887127e-05
0.0
0.00487070857985
1.02429787145e-06
0.000356403265642
7.39316087771e-05
6.81153137207e-05
2.77458292873e-05
0.0
5.48867644836e-05
0.00014432275951
0.000115233508633
1.94297977575e-05
2.56811991819e-05
0.000209257174648
0.000116838351182
5.27023437433e-05
7.16420424665e-05
0.000140023337148
5.92018060267e-06
2.39715504388e-07
6.46851361047e-07
5.51648538405e-05
3.24060879929e-05
1.38926030952e-05
0.000422894415424
2.86950806099e-05
0.0
1.38422675768e-06
0.000908426713536
6.49102797602e-05
2.14700199939e-05
0.0
3.54897487128e-06
0.000289835176078
0.000131838581677
2.47477434391e-05
0.00855069791952
6.94630154761e-06
7.19276182659e-05
9.28918007568e-05
1.3583878582e-06
0.000102817603854
3.71418179011e-05
1.79677318323e-05
3.63643435929e-05
2.55737139366e-05
5.09395446825e-06
5.6342223664e-07
2.40087156333e-05
0.000241759899386
1.7297569314e-05
1.56054601051e-05
9.5740168014e-05
8.9392528264e-05
0.000125760918727
5.06630039297e-05
2.80916606705e-06
6.34310037503e-05
4.28338685931e-05
0.0
5.8249041522e-05
2.41531853738e-05
3.77246879154e-05
3.87698483391e-05
0.000114435757043
3.99648656185e-05
0.0
3.27091805738e-05
9.10950172227e-05
0.000107105795815
4.35303727497e-05
2.29227951071e-05
2.04470690728e-05
3.45005802621e-05
0.0
1.57063596104e-05
1.40244810276e-05
1.14325855939e-05
0.0
3.18755860699e-05
7.85924403673e-06
3.92556698744e-05
4.99232090946e-05
8.10681707999e-05
3.33305598138e-05
6.73818045488e-05
4.35085339599e-05
0.000265166117282
1.75972972539e-06
3.91524279249e-05
3.22323209963e-05
1.55087334369e-05
0.0
9.43508313167e-05
2.27764340601e-05
2.18312334353e-06
7.41801945547e-05
0.0
0.0
3.70438650053e-05
3.18372154265e-06
0.0
3.43450885272e-06
0.000289659258253
0.000139404021684
1.37418306585e-05
1.77201570092e-05
0.0
6.09262185715e-05
6.43250669749e-05
0.000480477885733
2.8389071819e-05
2.13956125015e-05
0.000478385658837
0.0
0.000237466796461
2.50066855714e-05
0.000328781788256
0.000476109801724
3.4074081317e-06
1.82072803935e-05
1.63080502395e-05
1.87543801265e-05
0.000360159262628
5.25942642555e-05
0.0
0.0
0.000245935631337
0.000123646112064
9.98814601617e-06
0.000156505821944
0.0
1.59810336259e-06
5.32959221813e-05
0.0
3.74171601444e-05
0.000223286103268
3.36772527956e-06
0.000153762803678
6.35206769206e-05
2.02235190302e-05
3.89211566105e-05
0.000124236235205
0.0
0.000195605274785
1.02169868527e-05
1.01541879597e-06
5.01707380734e-05
1.01879089365e-06
0.000174930309239
0.0
0.0
0.000129615219445
5.46798544825e-05
5.43054538396e-05
0.0004220195706
0.000145445817036
9.9945333042e-05
4.43456476895e-05
3.06569799805e-07
9.34853121233e-05
7.45332040103e-05
1.49047478143e-05
2.88357444025e-05
2.76325918898e-05
0.0
7.04559481503e-05
0.000399968995634
6.41885242816e-05
1.13838869692e-05
4.46191271957e-05
0.000666203258604
0.000111181810917
0.00313086340321
3.63052835654e-05
0.00514936600976
0.000103708685174
0.00167518050737
0.000354884283341
0.000107793383909
3.22382371877e-07
5.09395446825e-06
4.62554452782e-05
0.000495012792575
0.0
0.000156117587322
8.48992411375e-06
7.52060137705e-05
5.85467132669e-05
8.14472364802e-05
4.63048040458e-05
3.12350313008e-05
0.0
3.25679865344e-05
4.30006098022e-05
2.31141364538e-05
5.87763977106e-06
6.85167870817e-05
4.06053764884e-05
2.40273015808e-05
1.3583878582e-06
0.000187772765419
0.000215068429892
3.69235141242e-05
2.4685618992e-05
2.10867404586e-05
1.84225420849e-05
0.000139019052456
5.81040305136e-05
0.0
3.12478178556e-05
1.54488795967e-05
2.44509814476e-05
8.78353021389e-05
7.58948708983e-05
7.26322711437e-05
2.10099671566e-05
5.28598536675e-05
0.0
0.000239431348546
0.0
0.0
3.62907242094e-05
1.7714486559e-05
7.87558973463e-05
7.55041544952e-05
0.000867178692079
6.20109903451e-05
2.87769274639e-05
0.000194527195154
4.28476584684e-05
7.94061911135e-05
1.65169647442e-05
0.0
0.000252570132807
0.000290616969047
0.000126622322606
6.63971293642e-05
6.35510890181e-05
2.9737680139e-05
0.0
5.6081765736e-05
4.77491021824e-05
1.50186805511e-05
6.1127453619e-06
1.14613975536e-06
6.92443322458e-05
0.0
2.73675200843e-05
0.000827588210232
1.41063354505e-05
6.95467003888e-05
6.04557233594e-06
1.89880431132e-05
2.2543169985e-05
7.83685302807e-07
2.6170111328e-05
0.000198117427014
8.85905124913e-07
0.000184628377549
5.09395446825e-06
0.000887207475392
1.73932184686e-05
5.40040109071e-05
9.79835332235e-05
4.60218209974e-05
4.78993704115e-05
6.04026221531e-08
0.000876679657954
0.0
4.42952562456e-07
5.54345396693e-05
9.99105553642e-05
1.54509322331e-05
8.90685429604e-05
1.25189579869e-05
2.89130896404e-05
6.30351247602e-05
2.07467231956e-05
5.19516910619e-05
0.000101371102049
0.000477882767215
3.12933907944e-05
9.70277041571e-06
1.90664386862e-05
2.46438277992e-05
0.000135652686308
3.34971116514e-05
0.000104043413412
1.89252699212e-05
0.0
9.16911804285e-06
5.39514372755e-05
1.84114419987e-05
0.000111549124904
8.88768147837e-05
2.70612889265e-05
5.13595157226e-08
7.366551921e-05
0.000228663834652
0.0
4.59448663028e-05
5.90478382027e-05
0.00543364387255
3.26365071396e-05
6.06338727367e-05
0.0
2.76736358471e-05
1.8135359977e-05
1.91085637163e-05
4.89371654873e-05
5.97031059956e-05
0.000155312974373
3.37357863685e-06
0.000306029214002
1.6785330723e-05
4.02721097346e-05
0.000134733280517
0.0
0.000263103773361
4.97430554606e-05
5.65471356327e-08
0.0
0.000292432876649
0.000180482079325
0.000236727657933
2.52025301578e-05
1.77728631172e-05
3.83821482146e-06
1.55498033558e-05
2.27481712505e-05
2.18175366001e-05
1.01879089365e-06
1.08622979351e-05
1.69798482275e-06
0.000275304801422
0.000265879327934
4.27165993144e-08
4.61590144683e-05
2.69454704667e-05
0.000121163828933
0.000229545344232
1.47614420824e-05
2.74944382487e-06
1.92308783173e-05
3.3094462877e-05
8.95157194683e-05
3.89106873978e-05
0.000205706940346
0.000172003094631
0.000621547446995
9.4835746948e-05
6.38795375264e-05
2.20296727423e-05
8.54556632253e-06
0.000110839079895
7.30363403581e-05
1.71055085289e-06
2.10682033864e-05
2.77852061904e-07
0.0
0.0
1.53349490511e-05
4.57488917896e-05
9.78689329122e-05
4.61504440298e-05
0.0
4.06313585919e-05
1.03591013496e-05
9.02804138849e-05
4.95906718773e-05
6.39160664904e-05
0.000149386892696
0.000422209312238
3.78298546059e-05
2.12708435037e-05
3.61969833058e-07
0.000123698736435
2.05782660927e-05
5.50312331243e-05
1.18858937592e-06
0.000224713116913
7.0613519087e-05
0.000381699588797
0.000216087155313
2.25589412165e-06
0.000822968051826
6.43898233753e-05
7.74093289643e-05
0.0
0.000145546861757
6.1127453619e-06
2.76011947613e-05
1.95921325702e-07
4.05601566868e-05
0.0
2.16070612702e-05
0.0
0.000570253965627
6.92217921765e-05
4.49466570728e-07
0.000592015826393
0.000117695154342
0.0
1.06939634179e-05
7.83952015717e-07
4.18864081362e-05
8.47877813925e-05
0.00112495538268
1.52818634047e-05
0.000620518730515
3.23697652119e-05
0.000358130124919
5.37328654715e-05
0.000263968860285
0.000156708720665
3.17477082776e-05
0.0001212175122
0.000239450188034
0.000206078941137
0.000104878575896
0.000189801624846
2.63343467184e-05
4.48314009055e-05
3.0879506101e-05
2.12071747683e-05
4.02109748054e-05
3.82297298537e-05
9.5087150074e-06
1.18890352668e-05
1.33977980535e-05
1.79573187023e-05
0.000480644393663
6.13044148164e-07
0.000127762975268
0.0
0.0
1.6568853836e-05
4.98061169773e-06
8.55617788186e-05
2.61974801224e-05
3.05637268095e-06
0.000141305225183
3.15691790866e-05
3.2603393774e-05
0.000156535649231
3.40183558904e-05
7.05202465606e-05
2.77852061904e-07
6.13030070704e-06
0.0
1.66402512629e-05
0.0
4.13116044236e-05
2.42569260393e-08
4.03873521242e-05
5.191418999e-05
0.000217071422733
6.86228951629e-05
0.0
0.0
2.7940002252e-05
5.16010972108e-06
3.20094887186e-09
1.52139440118e-06
0.000167157840798
0.0
6.46888135169e-05
7.2923979756e-06
3.20334880133e-05
4.50728443401e-05
2.63511310322e-05
3.58256138426e-05
4.49305238869e-05
4.44518504892e-05
0.0
0.0
4.84813547614e-05
3.03994597892e-05
1.28317613942e-05
0.0
0.00010453838084
0.000164254110099
3.24663918266e-05
2.54697723412e-06
8.28778641375e-06
5.46131124363e-05
2.72285136063e-05
0.0
1.49602536733e-05
9.57952456534e-05
4.20086959635e-05
6.1525399245e-05
4.63478617066e-05
0.000562025008258
0.000145153078337
5.10463361808e-06
0.000284248857403
4.2342906936e-05
0.000156931528939
3.15047163037e-05
1.51149186785e-05
0.0
0.0
0.0
5.84798435125e-05
3.56170704607e-05
5.04017195857e-05
1.67932564887e-07
3.44373668683e-05
0.0
0.00061643970869
4.03816400115e-05
0.000108057038431
3.3815608613e-05
8.2386899314e-05
9.92328792518e-09
0.00013968959851
0.000226521291226
0.0
0.00364754388131
1.52818634047e-06
9.2438789896e-05
0.000173521207181
1.01879089365e-05
2.20486340207e-05
5.04190179666e-05
7.64093170237e-06
5.89756141675e-05
0.000116591541982
0.000113852963651
9.62743835681e-05
0.000209724592435
4.79581332044e-06
0.0
0.000126900766871
7.73289767184e-05
2.59402627244e-05
0.000130706902312
0.0
1.04356951273e-06
4.29982628088e-05
8.79576436097e-05
2.8854467366e-05
0.000219685109361
0.000458751725985
2.17202878228e-05
7.98630116596e-05
9.56193303553e-05
2.54697723412e-05
0.000523849212743
0.00229581498569
0.000176493697123
5.38792846754e-05
0.0
0.00010593953968
0.000149884514849
0.00010160828311
0.000104650546796
2.12266301258e-07
1.63734250765e-05
8.14024603215e-05
1.5845250074e-05
0.000179215185367
0.0
0.000469139700107
2.81826446443e-05
5.61540535823e-05
5.87671958225e-05
6.45165654597e-05
1.42142864649e-05
3.07335268069e-05
2.57496599494e-05
0.0
6.52724498088e-05
6.75460540059e-05
2.64948305746e-05
1.78304502228e-05
0.0
0.000126082233029
1.59464156593e-05
9.64140211984e-05
2.967896107e-05
3.9612846422e-06
1.05764308875e-05
0.000211399038709
0.000325945701316
7.08777458644e-05
2.59931537672e-05
2.26502890244e-06
1.36445208971e-05
4.24103697319e-05
2.19751430271e-05
9.52950665829e-06
5.67623106785e-05
1.8216390431e-05
4.14517239285e-05
4.24925366686e-06
7.66082119549e-06
3.43368772733e-05
0.000227603431526
4.43433709644e-06
1.68800334626e-05
4.57684611237e-05
0.0
4.77288431548e-05
6.71730259549e-07
2.18312334353e-06
0.000149110351315
0.000367339261381
0.000147240981141
0.000564770524074
2.87813700614e-05
4.13036279914e-06
0.00012853339074
1.52818634047e-05
0.000157460451073
9.70658243857e-05
1.53014555373e-05
0.0
7.28076980077e-05
7.03038847863e-05
2.04364601881e-05
0.0
0.00014531412332
8.1074549729e-05
1.56226213846e-05
1.22286355064e-05
0.000198193898087
2.98857261018e-05
1.01879089365e-05
6.88786351914e-05
9.01220631466e-05
7.27707781178e-07
4.94051210704e-05
1.8175402113e-05
0.000244346164862
4.16824754824e-05
4.21258695085e-05
1.01879089365e-05
0.0
1.12726285615e-05
0.0
9.25866219521e-05
0.000409717528755
7.53195564847e-05
6.05161933289e-05
1.10898863604e-08
0.000519235263231
5.0883113588e-05
8.02190783193e-05
0.000333829850352
5.5568535666e-05
0.000178012191679
3.90299868284e-05
8.34232086844e-05
8.14363830515e-05
0.0
0.000133846071273
0.000181309491488
0.000234433014589
5.719527824e-06
0.000103380665028
8.65139843439e-05
0.000105068512419
3.67617915802e-05
0.0
2.18312334353e-06
2.06549687879e-05
8.77353480982e-05
2.97631843601e-06
1.1740352203e-05
8.87958059232e-05
6.19757982176e-05
0.000119984136851
0.000156787075942
0.00016521087545
2.54697723412e-06
0.000257926030164
0.0
0.000723209291816
5.09395446825e-06
0.0
6.0449802094e-05
1.3583878582e-06
8.8054845651e-05
0.000250791519745
2.77852061904e-07
9.28392869427e-05
2.35248079079e-05
6.85306637735e-05
7.42056909603e-05
2.00391599849e-09
0.000214923014648
5.41910049814e-06
4.86425360363e-07
0.0
1.63006542984e-05
1.14321946208e-06
0.0
1.93570269793e-06
0.000105548627768
4.636992295e-05
6.88331190898e-05
3.44808953205e-05
2.44509814476e-05
1.07987246001e-06
1.03856678292e-05
8.96883764734e-05
0.00021284099517
0.0
3.33049562627e-05
0.0
7.34532352152e-05
1.59815824251e-05
4.28314336747e-05
0.0
2.39603005383e-05
9.44110607595e-05
4.71621706521e-05
9.15601150948e-05
3.39709459485e-05
0.000122421590677
9.78316765521e-05
0.0
3.05311223112e-05
2.15501731987e-05
3.86618082718e-07
4.1528949385e-05
4.63549856611e-05
0.0
0.0
9.1778006867e-05
0.0
8.69906587712e-05
0.000232657643824
2.95778001382e-07
0.000101474605022
4.42266888253e-05
0.0
0.000244704040369
2.1930075634e-05
0.000378160691957
5.20291606115e-06
4.3744724822e-05
8.24966324004e-05
1.76234778393e-05
3.06336438316e-05
0.000356795435584
3.08906262955e-05
5.13783096682e-06
0.0
6.63346204369e-05
0.000143416478227
2.35251150965e-05
0.000186259927655
0.000294421917617
9.28728738577e-05
0.0
9.46943685514e-05
4.92342260288e-06
3.48719533499e-05
0.000363794156941
2.40143567789e-05
0.000101668674312
0.000203769118698
0.000122768756262
7.68009441506e-05
6.1833595076e-05
0.0
4.03017417487e-05
0.000150581997338
5.28500954499e-05
0.0
7.2448800736e-05
0.000217633803061
6.19775973626e-05
3.26993265707e-05
0.000133229543703
0.000100596663492
2.56838040416e-08
3.35968304913e-05
6.25885461412e-05
2.54697723412e-06
0.000848324110199
4.33082229028e-05
2.79635067984e-05
1.17824451041e-05
0.000150525494653
8.79382471719e-05
2.91605390783e-06
7.37234245864e-05
0.000175002626739
5.09395446825e-07
5.96168352647e-06
1.69746236588e-05
1.10323612815e-06
0.000256590165902
1.12328226736e-06
0.00083797294302
6.51489966202e-06
0.0
4.44344408236e-05
6.59750255971e-05
0.000142673782381
6.82298692459e-05
0.0
1.89686219642e-05
0.00101015803162
5.94486198719e-05
0.0
7.53927839245e-05
0.00029941640147
0.000206609418245
0.000136241009274
0.000240376561774
0.000131075401262
0.000282889445774
0.000591795954955
1.96335022929e-05
8.10545821564e-05
3.79404818874e-05
2.11897015756e-05
0.00068939675831
4.69980193717e-05
0.000109077852239
4.6280465951e-05
0.000144186301119
2.54433102401e-05
0.000102897912401
1.65992654224e-05
4.97605976422e-05
0.00014740642153
1.23215469365e-06
0.000168128425524
9.33331877296e-06
0.000148689474722
0.0
0.0
0.0
6.62347339488e-05
0.000185993596553
3.4929208166e-05
0.000101950944222
2.1738070277e-08
3.35230717863e-05
5.10150704327e-05
1.63006542984e-05
0.0
1.74239132303e-05
0.00032119397304
0.000145544505527
8.16271201029e-05
8.04308600249e-08
0.0
3.21701462508e-06
0.000124508313965
5.85989659644e-05
3.60911573024e-05
4.41376172455e-05
4.03533172636e-05
9.79476913973e-05
3.85049725093e-05
0.00029147195211
0.000262657454904
6.11707308313e-05
7.77725980319e-05
3.7475401998e-05
5.71928351966e-05
6.51284226348e-05
5.3524681562e-05
1.42067575702e-05
5.30539507996e-05
0.00014538364315
4.33979004935e-05
5.97855055801e-07
6.91524175495e-05
0.000604418147303
4.74277058144e-05
0.000339381376922
4.71439281663e-05
0.000249784424232
6.22654097415e-05
5.63047992004e-05
0.000251160590279
0.000100166763847
2.12673999884e-05
2.15437001169e-05
3.21908608844e-05
1.92357423491e-05
0.000169133237701
9.04244029282e-05
0.0
8.46380127032e-07
7.58254250096e-06
5.38819848429e-05
2.64544831187e-05
4.22970657378e-05
2.59482953367e-05
4.52963471133e-05
0.000349652925904
5.07982010703e-05
0.000187889793254
3.50496477522e-05
7.42243380715e-09
0.000183604519025
3.27302365011e-05
0.000201721289786
0.000138977435853
0.0
0.000102277011704
7.35369564754e-05
0.000120981302968
0.000233465220293
1.45189985626e-05
9.90921233947e-08
5.43623599378e-07
1.68310999947e-05
0.000183810862165
2.72246274691e-06
0.000128757725194
0.0
5.29934833938e-05
3.85208163263e-05
2.84798363452e-05
1.82901935279e-05
1.94033601453e-05
0.0
0.000249581522978
0.000275122249246
0.0
0.000179575091037
1.35922316197e-05
9.64013981328e-05
2.26756261916e-05
0.000349414201356
8.88178309186e-05
9.11547494359e-05
0.000228634490116
4.59748329595e-05
9.51470452214e-05
2.3154338492e-07
0.000163845254732
0.000137284411272
4.36515745669e-05
0.000483671947369
1.41978117839e-05
6.69855961747e-05
3.52332191223e-05
2.80539689012e-05
4.43344432567e-05
3.93713380634e-05
6.11610115957e-05
0.000197954089038
4.73652027763e-05
3.68584262729e-05
0.000881426721512
0.0
7.5777314398e-05
8.98933141455e-07
5.80055895046e-05
0.000107219104548
1.85915669161e-05
6.69659789721e-07
3.28783482258e-05
0.000137341582262
0.0
2.20403014376e-08
7.68196049173e-05
6.24040739346e-05
6.47285883086e-05
0.000133404315892
0.000109370486169
3.90202791009e-05
4.64374926032e-05
3.45352845304e-08
0.00021976980358
0.00155331364644
0.000123286051668
5.15826352798e-05
6.55370088094e-05
2.85536989797e-05
0.0
3.3959696455e-07
0.0
1.64500258956e-06
5.22235498012e-05
5.10153475764e-06
9.58928387868e-05
2.5338639044e-05
0.0
0.00432737135854
1.63263608415e-05
0.000296839035477
7.81364780093e-05
3.03288862978e-05
3.6541803315e-05
0.000254618351924
0.000109682302077
0.0
0.0
3.05389651638e-05
8.56376963203e-05
0.0
1.33487789247e-06
0.0
4.24979075688e-05
0.000261839325875
0.0
2.26347052278e-05
0.000215508087094
3.48669920499e-05
1.52818634047e-05
0.000364926522685
1.15426860328e-06
1.42506805407e-05
0.000143885022595
5.26788313683e-05
8.69522811081e-08
8.38071411417e-05
4.62915990648e-05
8.62690607838e-05
6.76401144146e-05
1.42612694487e-05
0.0
6.24457471154e-05
1.30987400612e-06
1.55789868526e-05
6.01383127121e-05
2.35069882189e-05
0.00017929119927
0.00018149266966
4.24496205687e-07
0.0
7.38550308547e-05
0.0
0.000111727682787
2.55461784125e-05
0.0
7.27707781178e-07
1.73959400416e-05
2.70713262897e-05
5.39728169978e-06
6.04596425645e-05
2.93564765884e-05
0.000182842046468
0.0
8.05833454571e-05
0.0
1.12366642682e-07
1.12530085071e-05
0.000108752467708
0.00107697043979
2.3269448632e-05
0.000425520414863
3.79624526324e-05
1.02947004348e-06
0.0
2.71099318155e-05
1.54293060248e-05
0.0
2.0329509196e-05
5.6654466931e-05
0.000333146714019
6.06738859697e-05
8.28062448797e-05
3.42162600958e-05
0.000104466666877
4.1204900795e-05
7.43634431867e-05
0.000182720211844
0.0
0.0
2.8460142492e-05
0.000275551282725
0.000269242373736
8.05753130965e-06
0.000321413465572
5.28332688129e-05
6.10551939522e-05
2.57440860852e-06
5.00481419194e-06
6.27906437978e-05
3.95230736891e-05
0.0
3.85459845901e-05
0.00010666063192
0.000495454613458
0.0
6.44297402445e-05
6.17146461885e-05
2.27218105461e-05
3.96873184149e-05
8.5050059136e-05
4.84296814081e-05
2.11509213819e-05
4.37340897693e-05
3.9979767387e-05
6.48911208968e-05
0.000144840640258
0.000261889749997
4.8483276482e-05
9.28369070612e-06
4.04282100655e-08
0.0
0.0
2.10853329596e-05
1.99376282413e-05
0.000233559477823
9.38827447431e-05
5.31605841823e-05
8.76156234957e-05
2.2592968393e-05
8.79545365788e-05
2.25166851353e-06
0.000208114016495
2.13649587207e-05
0.000603960644875
0.000184779441728
2.89022157559e-05
8.04018352416e-05
0.0
5.97765317252e-05
2.64621011338e-07
0.0
0.0
4.43151814808e-05
6.55828467768e-05
0.000145395765395
4.16100628007e-05
0.0
2.23527573452e-05
2.2964263264e-08
0.00133776455823
1.59509923641e-06
0.0
2.54697723412e-06
2.13946087666e-05
4.50704232299e-05
3.47821957064e-05
7.35514947015e-05
0.000503289193394
2.86635171488e-05
0.000516260734792
4.69648662472e-06
0.000153417899136
2.45303285859e-05
0.000262361743559
0.0
1.80270782758e-05
4.51852627832e-06
7.17406885397e-05
2.20240688507e-05
0.0
0.000119804142099
4.57265656532e-05
8.72743657746e-05
0.0
3.7428477992e-05
5.89669541156e-05
0.00027953348962
0.0
1.04111709782e-05
0.0
0.000253670299715
5.45813971695e-05
3.58613563238e-05
3.94540363289e-08
8.43159904808e-09
1.79252563552e-05
3.66971880712e-05
7.70695705692e-05
0.000836964734039
4.45146380185e-05
0.000259708711624
1.06035363574e-05
1.70985884249e-06
7.52972589051e-05
0.000392506887093
0.00288167124253
0.000326852240845
9.83689928859e-05
3.53851100299e-05
9.71972093318e-06
1.91072085227e-05
0.0
2.14289943781e-05
0.0
0.0
8.48205054667e-05
1.36025377559e-05
2.2447970052e-07
1.52818634047e-06
0.000228884056335
3.4365869268e-05
0.0
4.33242801925e-05
2.20508569549e-05
4.0676107816e-05
1.88476315325e-05
1.51120649225e-05
0.000149159479075
0.0
8.60221371207e-05
2.92836472749e-05
0.000238119215721
0.0
4.82871556033e-05
2.80916606705e-06
3.06241294316e-05
5.99152806793e-05
0.0
6.00208605967e-06
5.32470648863e-05
1.46676570072e-05
1.97058459389e-05
0.0
5.06533932632e-05
3.09495270483e-05
7.27707781178e-07
5.48356633228e-05
8.863731986e-05
1.65499466536e-05
0.000312228114205
3.56875802888e-05
4.8407339142e-05
7.51567052692e-08
1.58522743501e-05
2.0375817873e-05
0.0
0.000145112169468
3.17085404739e-05
5.66233254576e-05
2.40660436293e-05
2.62702509005e-05
7.01436461003e-05
1.68100497452e-05
2.24991639926e-05
4.85565539495e-05
0.000278275465654
0.000107511257413
2.13716040166e-05
2.72675828164e-05
3.82277603462e-05
0.000348949359261
0.0
0.00032136316105
0.000168079093887
0.0
3.32214421842e-06
3.56421276207e-05
3.64898591926e-05
0.000148336786583
1.55776414061e-05
6.36514885467e-05
2.858991904e-05
4.68278140465e-05
2.3154338492e-05
0.000537309072795
0.000235088602846
0.000107137366052
5.20726805093e-05
6.4578947961e-05
0.000171081114534
0.000138641815828
0.0
7.46054785646e-05
0.000315194566534
1.72350950207e-05
6.10372182125e-06
7.27707781178e-07
0.000194413141386
5.83163750298e-05
2.84185920373e-05
4.20060035079e-05
4.70211181685e-08
2.95396844164e-08
4.59351492395e-05
2.56067965785e-05
1.5186701618e-05
7.25427842738e-05
5.86072946369e-05
0.000174178692432
3.16837276773e-05
0.000107132635687
0.000113772024696
0.000259648307186
0.000150360903235
0.00211611244743
1.84467957711e-05
5.95143817944e-05
2.26181019457e-05
0.00015042947421
0.000882623543795
6.1627879704e-05
0.0
1.41290210777e-05
6.81498550995e-05
0.000308024500453
5.58438477171e-05
5.29444791214e-05
0.000507383455549
4.24496205687e-07
4.16634376901e-05
0.000355099698383
5.27276793507e-05
4.60351112062e-05
5.19640237365e-05
3.05750768125e-05
1.95617155607e-05
2.29889503599e-06
4.79431008777e-08
0.000104100929405
1.04019547681e-05
0.0
5.33138164858e-05
5.95572699298e-05
1.81926945295e-05
0.000191174335492
0.000364121195516
0.000398609063851
0.000960168867025
5.7401158783e-05
4.86674128164e-05
3.91720582587e-05
0.00018051101095
2.29227951071e-05
0.000219373317799
2.67184024452e-05
8.11041459828e-05
2.538467324e-05
2.0375817873e-05
0.0
2.07013454754e-05
0.0
0.000133634875949
0.000176174560492
0.000159453735618
0.0
0.0
8.26756807871e-05
1.16433244989e-05
1.79761148327e-06
3.11359580423e-05
0.000127314366092
7.79490751265e-05
1.19660233801e-05
2.60097159489e-07
7.68631628743e-05
0.000122147529867
2.7630227782e-05
2.24724486444e-05
9.80885681042e-05
1.09514502902e-05
5.1967173759e-05
5.93260554283e-05
5.79995187885e-05
4.27454419378e-05
0.000248417699181
7.63030201297e-07
1.75813668921e-05
1.32846204834e-05
6.14851272855e-05
5.96343620789e-05
0.000367183937705
8.50661154371e-05
8.2444752861e-08
6.86745168577e-05
4.0637847362e-05
0.000212753151686
6.02549886315e-05
9.64415909248e-05
8.82574364361e-05
1.12911673615e-05
1.6987487927e-05
6.10195584526e-05
0.000318685617245
0.000226316292508
1.92223903067e-05
0.000128796382005
7.57370942933e-07
0.000183069841571
3.8139675321e-05
0.000105517735506
2.88238902481e-05
7.23877740225e-07
8.40278850769e-05
0.000155914194068
0.000123094532844
4.86549439734e-05
0.000288523131907
0.00105002347473
1.34229835602e-07
0.000146768399004
3.81365575163e-06
0.000225842379438
4.19869712628e-05
7.45839951675e-05
1.12169732069e-05
2.99644380485e-06
0.0
3.83705954432e-05
7.19144016383e-05
0.00607902065511
0.0042819422298
0.0139329939192
0.152589516059
0.00326372864075
0.0135025314502
0.00217425163146
4.05447286181e-05
1.59740732454e-05
5.92641337406e-05
5.1504531707e-05
0.0
2.35935699406e-06
2.42863193768e-05
5.21754512018e-05
1.31940139049e-05
5.23017800625e-05
2.29227951071e-05
0.000123219287964
2.31154236374e-07
1.52818634047e-05
0.000405728755147
0.000351836367812
6.72660600391e-05
0.000172451779951
5.10339837811e-05
6.26127238595e-05
4.82521341914e-05
7.07430626383e-05
2.9204456391e-05
0.000300619785889
0.00171403072917
0.000146687051126
7.36507851649e-05
0.000288409416391
4.74291689896e-05
5.01280402477e-05
1.85129731764e-05
2.03152603723e-05
4.56666765517e-06
3.75035837257e-05
8.01541069014e-05
1.41737048888e-05
6.37192114971e-05
4.67528835354e-05
0.0
0.000469469378539
1.63190939526e-05
0.00020029414699
7.73585738455e-05
6.87994581994e-05
7.35203548838e-05
1.53832755768e-05
1.76921261268e-05
1.30732957332e-06
4.62992475598e-05
0.0
9.01141822392e-08
0.000326985601333
2.81565907648e-05
1.78979465271e-05
0.000665921057468
0.000154280629924
2.48390922642e-05
0.000111472204607
6.42568486911e-05
5.9168240362e-06
4.38194074859e-05
2.55035101883e-05
0.000142906025284
0.00566334592208
3.17437229446e-05
0.000125722357194
0.0
2.13423630798e-05
6.96086123397e-05
0.0
8.70791058851e-06
9.3087492822e-09
5.77534821093e-05
4.65936534578e-07
0.000119196642737
1.9844274798e-05
2.58740544419e-06
0.000150043368166
0.000280811682744
8.06212842993e-05
2.87928543048e-05
3.74845241601e-05
0.000203299590157
5.45780835884e-07
0.0
2.95752338737e-05
2.73986363395e-06
1.16715529143e-05
5.39293866612e-05
0.0
1.6747824351e-05
0.000485104077894
6.20339803039e-05
0.000120397225349
7.01593089333e-05
1.12366642682e-07
6.84659199967e-05
0.000615674353658
2.41610488613e-07
9.19047967076e-05
0.0
3.03162472402e-05
0.000259120627734
0.000250320709363
0.0
1.61541896456e-08
1.71458793979e-05
0.0
9.26173539682e-08
9.15157884444e-05
0.0015442696199
9.09740497189e-06
9.73496738462e-05
6.68271421845e-05
0.000106754901488
8.85128017592e-05
0.000116071494584
4.22981954047e-05
5.14005360371e-06
0.000389803890855
0.0
0.000272977267495
0.000457234523952
4.09782145471e-05
1.1013955607e-08
2.04111299913e-05
4.03018524264e-05
2.03198403514e-05
0.000102286288546
4.01146680942e-05
9.81144189381e-05
0.000738975769369
7.27707781178e-07
6.47174943124e-05
0.0
0.00100913871304
7.26911516211e-05
0.000264811696231
1.02851146731e-05
4.05323515025e-05
0.000119359082594
9.85362990702e-05
0.000558792488344
6.31425263579e-05
5.13992233623e-05
0.00121203283936
1.33313381542e-05
0.0
5.21213328782e-05
3.209191315e-05
0.00021758739359
2.70973353088e-05
2.68282855953e-05
7.35417021367e-05
6.36659367018e-05
1.27348861706e-07
5.02492652302e-05
0.0
7.23952185395e-05
1.9718533425e-09
0.0
7.17309056718e-05
0.0
0.0
2.61974801224e-06
1.37626138265e-06
3.00585850476e-05
2.69939578866e-05
0.000289257413875
0.000648964658701
1.40632801771e-08
8.06343679068e-05
0.0
8.0430860025e-07
0.000112939072935
9.73289295248e-05
6.75011700472e-07
8.33433442904e-05
0.000190788745505
0.0
2.54697723412e-06
6.67927258059e-05
8.19597496753e-05
0.00037066767378
1.47562605429e-05
2.98976088072e-05
0.00278975639849
5.14489401293e-06
4.83060664071e-05
7.82481485139e-09
0.000815672198136
9.85765646545e-05
0.000126996437809
0.0
4.02272802247e-05
0.0
0.000183717160348
3.14946815237e-05
7.41528314858e-06
5.4256806742e-05
3.3419582995e-05
2.91339061388e-05
0.000123465924961
2.65556268936e-05
0.000101645091378
5.84399169264e-05
1.45498787633e-06
0.0
5.09395446825e-06
7.08927959638e-05
0.0
0.000217062222873
8.936762225e-08
4.45069503515e-05
7.83685302807e-07
6.77237725387e-07
8.15613509404e-05
0.000226565361341
1.80804475036e-05
5.7408058293e-06
0.0
0.000457565396866
3.55982449138e-05
1.79395787795e-06
0.000117875669637
0.000108649755264
6.15177767432e-05
2.35777321102e-05
6.52811098845e-05
6.1165626055e-05
2.54697723412e-06
9.12210612594e-05
1.52818634047e-05
0.000414776767675
0.000115989508086
5.91879971343e-07
2.57504389043e-05
0.000297148210716
3.21535407698e-07
0.000178915836702
4.02039464931e-05
3.40936177437e-05
5.61023715409e-05
0.0
9.34524284711e-07
1.08246591686e-05
2.94634612815e-05
7.42919653474e-05
3.49373795011e-05
0.000616863115657
1.27348861706e-07
4.04741819431e-06
6.38325041474e-05
2.91037662298e-05
6.02240922354e-07
0.000297561198042
2.38477593572e-07
3.27503309159e-05
0.00354754457741
1.31969934385e-05
8.69350705459e-05
9.97379412749e-05
6.28388233223e-05
2.60472771923e-05
9.43441210337e-05
2.22486623883e-05
3.01392306038e-05
1.52818634047e-05
0.0
2.65372987504e-05
6.89054731213e-05
2.75909153454e-05
1.34098940046e-05
0.000349703863624
4.35167634217e-06
7.03456494589e-05
0.0
2.60110081319e-05
3.45352845305e-06
1.69798482275e-06
6.38616866918e-05
9.38007441512e-05
8.1078058369e-05
0.000243608890101
6.94630154761e-06
6.90837091919e-05
0.0
3.64155794542e-05
3.43481576594e-05
0.000263499409577
1.89390614845e-06
1.79786628291e-06
8.02153223685e-05
0.000436192614449
0.000332820573689
2.56074121817e-05
4.22080106849e-05
0.000101072615197
2.85624029416e-05
6.22483111498e-05
2.16317020085e-05
0.0
0.0
0.000134702372075
1.64270551537e-05
8.2322578854e-06
4.1471400473e-05
4.52460867506e-05
8.99991495352e-05
1.3583878582e-06
3.24964386119e-05
2.29227951071e-05
2.27094119877e-06
8.7440891709e-05
4.51186781769e-07
2.27378448009e-05
1.630407338e-05
2.06232974423e-06
4.22978526358e-05
0.0
1.7595484261e-05
4.25102628838e-06
4.21697695267e-05
0.0
0.0
0.000126238432596
0.000171695153165
4.24496205687e-07
0.00547779436237
0.00527965773127
7.56450598068e-05
0.00409952007515
0.0027844173927
0.0040434453505
0.00142578284597
0.003453671887
3.73208954564e-05
8.22869567948e-06
3.03263645332e-05
5.02826657561e-05
0.0
7.32205023271e-05
8.23523866547e-05
2.18802579596e-05
0.00060157871096
4.27164336868e-05
2.97061521945e-05
4.85250957785e-05
2.24409696813e-05
2.0931336688e-05
0.000128671539843
0.000157159850686
2.11573565237e-05
5.97093564044e-08
9.74731380922e-05
1.29370272209e-06
0.00014714079928
2.32047912597e-05
0.000190675452237
9.54665370305e-05
2.65538216439e-05
0.000215334337191
8.73249337414e-06
5.98443913014e-05
1.65651888323e-05
2.41610488613e-07
1.84198954494e-05
1.52818634047e-05
7.27707781178e-07
8.3457924262e-05
5.6078002588e-05
1.78288406389e-05
0.0
0.0
2.27141282434e-05
0.000123260919044
7.46722358231e-06
0.00023441008574
9.710484422e-05
0.000954866808365
2.92387194864e-05
0.00016148085774
4.55343393138e-07
4.7444864436e-05
2.51292092402e-05
1.52818634047e-05
1.8106742102e-05
6.41500750658e-05
3.30786938077e-05
2.93183193162e-05
1.51031281602e-05
0.000142611580876
0.000636295164724
5.28826792897e-05
0.000416097913755
4.04571739652e-05
4.5679169833e-05
0.0
0.0
9.15641812708e-05
2.79716956872e-05
9.58862017553e-08
0.000247649272785
5.14535022465e-05
4.73222979672e-05
2.24965097876e-05
0.000100631763674
0.000144177468136
3.72461186926e-07
0.00114409397452
5.37519560104e-05
2.43775837984e-05
2.59512352021e-05
1.1577169246e-07
1.99057070351e-05
4.0751635746e-06
7.51433458836e-05
0.000125883527048
9.26434753619e-06
8.32901859794e-05
1.81926945295e-05
5.27657631046e-06
1.52818634047e-06
3.49045649112e-06
0.000266744397077
2.18312334353e-06
2.06061296442e-05
7.15442111205e-05
1.52818634047e-05
9.24442587482e-05
2.57945095169e-05
2.61311071055e-10
0.0
9.74739430442e-07
6.51100226996e-05
0.000145062326148
3.32342268932e-05
5.3425111042e-05
6.62214080872e-06
2.98415264941e-05
0.0
8.17077088535e-05
0.000128027905356
0.0
4.99364527178e-08
8.19681526117e-05
8.52370817628e-05
3.26468229119e-05
8.09421733545e-05
0.000587822713204
3.00188789323e-05
6.93886759263e-05
0.000111491127398
9.02349363769e-05
3.05637268095e-05
5.09395446825e-06
0.0
5.43641051479e-05
0.000229769972158
1.45541556236e-07
6.36768995881e-05
0.000257924926426
0.000456235556576
7.18414635586e-05
2.01480881438e-05
9.97044448533e-05
4.36802100737e-05
3.71130968401e-06
3.44504059444e-05
0.000118213116709
7.89823724539e-05
6.08660494657e-05
2.91083112471e-07
0.000391474803401
0.000670335497337
0.000412714401609
0.000552069206322
4.49725005927e-05
0.000103189000801
5.60784257931e-05
1.03945011728e-05
7.52801152943e-08
0.0
2.05638367404e-05
1.00759538932e-07
8.49065117191e-05
2.71308444504e-06
0.000118284472717
6.62961540381e-05
0.000498054994018
0.000107099827727
7.38638713179e-05
4.82944078022e-05
4.60960955955e-06
2.26593672522e-05
7.37677584398e-05
0.000113219063324
0.000227253396323
0.000275942288254
4.88805575175e-05
0.00146719995532
8.37755376283e-05
0.000106086184349
2.25503122705e-05
0.0
7.83083456597e-05
6.82677266156e-05
1.95610438165e-05
0.000100988260052
4.70211181685e-08
2.14221932234e-05
0.0
4.11012754663e-05
0.000298980714793
0.000136500252485
1.32994870353e-06
5.88786130667e-05
3.00331065524e-05
6.37869267951e-05
4.23190063516e-07
1.32151733062e-05
0.0
3.35905000625e-05
0.000313599579223
5.86082898227e-05
0.000144877818175
6.83090008724e-05
0.000103759574511
4.7970440524e-05
2.0375817873e-05
5.00099002776e-05
0.000241915355167
9.04596364496e-05
2.50066855714e-06
0.0
5.91880287359e-05
2.59917634042e-05
1.74913267056e-05
0.0
0.0
1.52818634047e-05
3.41599963255e-05
2.32299174281e-05
3.32731127186e-05
1.70211179297e-05
2.66430677609e-05
8.18671253826e-06
0.00037389037685
5.49982347577e-05
2.18053465973e-05
0.000139213982205
0.0
4.44100773721e-05
7.93886321719e-05
4.19600875064e-05
1.17552795421e-06
7.39370319462e-05
1.18045963041e-05
0.00123721345337
0.000690011876269
1.53509908501e-05
7.91079295657e-05
0.00063538951646
0.0
0.000637805688824
1.01879089365e-06
0.0
3.27031786555e-05
0.000190221031156
2.88011911028e-05
0.000162698813609
0.000226591754477
0.00108534288327
4.4414868665e-05
0.000164228483401
2.24027632144e-05
7.76511521843e-05
2.36999184516e-05
1.00828789475e-05
0.000143153185686
2.2945740848e-08
0.000138662324612
5.29374061436e-05
4.9874051915e-05
0.000362881010041
4.76530655918e-05
1.93620488105e-05
0.000106604799951
1.84396541837e-07
1.57360446598e-05
3.20046792211e-05
0.000117699680078
8.59254957007e-07
1.22652915617e-05
6.04026221531e-08
0.000145259714585
4.13695908782e-05
9.91714575759e-05
9.16911804285e-06
3.02550022963e-05
0.000528514303005
0.000775505036814
2.50066855714e-06
8.83022780717e-05
3.35493911244e-05
8.31072483252e-05
0.00103972677868
4.98999621379e-08
5.03872497691e-05
0.000104231429077
5.37750931738e-05
0.0
2.80965596735e-05
6.12416497604e-05
8.99057972342e-05
6.83354998626e-06
2.55802753312e-05
2.01077150062e-05
9.76107241461e-05
5.88103456791e-05
1.47698523437e-05
1.52818634047e-05
0.000104674782203
0.000428157245283
8.19628610882e-05
7.52215163747e-05
0.000680887375676
1.48567894103e-05
0.000655109021535
0.000447706646034
2.77852061904e-07
0.0
1.00263729282e-07
4.23537433907e-05
0.0
6.71170484333e-06
7.92283115843e-05
0.0
2.71595871532e-05
0.000200435224428
7.51253278506e-05
0.000720862793481
7.42515282433e-05
8.49379980776e-05
0.000374065530432
1.26839192659e-05
2.83768503654e-05
1.70588242658e-05
9.88057247295e-05
1.77489702726e-08
2.74595157069e-05
8.07556823803e-05
0.00530178458629
5.7737579239e-05
0.0
1.29596972453e-07
0.000719899609991
7.1251336402e-05
9.89009214114e-05
3.29972759077e-07
3.24453474623e-05
5.45780835884e-07
0.000276716596265
2.18312334353e-06
6.87505198814e-05
2.65475395523e-05
0.000127429475385
0.0
0.0
1.08004041036e-07
1.24815144379e-07
2.54697723412e-06
1.51006555383e-06
2.25060170143e-05
2.84282469396e-07
0.0
1.6203552414e-05
0.0
0.0
4.70211181685e-08
2.31047220524e-06
2.8093195265e-05
1.32785085527e-06
0.0
2.4520816582e-05
2.93346810206e-05
1.23668992541e-05
5.10639134865e-05
0.0
0.0
5.998391282e-06
0.0
0.00184785889668
2.96414281066e-05
2.0375817873e-05
1.39658502151e-05
0.0
1.59449940615e-05
2.1411695791e-05
8.42911958055e-05
3.71390583069e-05
0.000391892910935
0.0
4.73624087927e-05
7.27707781178e-07
1.74809693467e-09
0.0
4.37064204681e-05
0.000747847129229
0.000317205109111
0.000291452840734
1.03152577982e-05
0.000195917050232
4.98172893574e-06
2.97566327249e-05
8.30809022086e-05
2.560347238e-05
8.87647720914e-05
5.15079985843e-07
4.18163871311e-05
4.19102999667e-06
1.59306080343e-05
0.00537232485635
0.00060681949794
5.82166224943e-07
3.89919060206e-05
4.37544741438e-05
0.000159218385369
1.57734202822e-05
0.0
7.27707781178e-07
0.000158564498981
1.12366642682e-07
1.52818634047e-05
5.50481860758e-06
0.0
0.000136402372424
0.000163038235889
1.8011759913e-05
0.00178806731966
6.74548010506e-05
0.000196323237863
0.0
3.34302339148e-05
0.000267299199872
0.0
4.97666965032e-05
2.60004501104e-05
1.9004429854e-05
1.46165514514e-05
4.82227433915e-05
0.0
0.000250418616831
2.03570073614e-05
0.000213278232438
1.49394807865e-05
1.83468356481e-05
5.45965928637e-05
2.58662090422e-05
8.16993499297e-09
9.85732985639e-06
2.77852061904e-07
6.49261492257e-05
0.000188663150052
0.0
3.12510380448e-05
6.64667334433e-05
0.000308672302168
1.689929898e-05
0.0
2.34437677232e-06
3.36628459615e-06
9.74670028177e-06
2.42569260393e-08
0.0
1.2650342659e-07
1.92078094604e-05
9.81893887877e-05
7.82538176746e-05
7.06088330392e-05
0.0
2.31116057747e-05
2.77852061904e-06
8.05640455947e-06
8.09471370901e-06
4.38879525505e-05
2.22355120021e-05
0.0
4.32986129801e-05
7.07699118955e-07
0.000112994094341
2.9818270058e-07
0.000551563228166
9.69670623721e-05
0.000112112973791
0.0
0.0
6.64158419588e-05
0.000199978648275
0.000119157801651
3.74648656228e-05
3.38390053068e-05
0.000129882957333
0.0
0.000111347722441
0.0
2.0375817873e-05
3.46470722095e-05
0.00016404207602
1.9883654722e-05
2.79220431081e-05
2.78345597299e-05
4.44276138826e-05
4.88470666087e-05
2.287653103e-05
4.34838018499e-05
3.96390380989e-05
6.20071677395e-05
5.6484598937e-05
3.1891737219e-05
0.000400340494325
1.17121225724e-06
5.43804053998e-05
0.0
2.92626321858e-05
2.24733285364e-05
0.000275615141776
1.5704757738e-05
6.60749409126e-05
4.94469063391e-05
8.73249337414e-07
2.90851556159e-05
8.7157407374e-06
0.0
0.000144143160546
0.000223185029193
4.58233221068e-05
4.32800197289e-05
0.000149998456407
2.29227951071e-05
2.32866489977e-05
0.000161134668854
0.000187021958816
6.92270081345e-05
0.000135679480467
0.0
3.60605459568e-05
0.0
5.41166062216e-05
2.6078968596e-05
0.000150280132526
2.04752467507e-05
0.000182683765224
7.44817426234e-05
3.70560668866e-05
0.000111904619497
6.44566772543e-05
1.93610538208e-05
3.51307204707e-08
5.43092174508e-05
8.88348640695e-05
1.08961592904e-07
2.91244898684e-05
8.71143742309e-05
2.98100254885e-05
0.0
7.25293613411e-05
5.21080669063e-05
0.0
0.000183551957227
0.000359956302015
4.29370750265e-05
1.5543091839e-05
0.00118454034766
0.000628976154451
6.25243275404e-05
0.000456532787395
9.35116688246e-05
0.000107025510899
0.000322825919421
7.69897558574e-05
0.0
6.47817015324e-05
0.000106940532361
7.45456751451e-08
4.56491412185e-05
0.000199407229191
8.1503271492e-07
1.61712840262e-07
7.16556690487e-05
0.00020618670809
7.60688218554e-05
1.69329425694e-05
2.86359186904e-05
4.63086769841e-07
0.000268488400496
3.18533485017e-05
0.000106574846153
0.000867345272193
0.000107325653359
0.000259321209549
7.27707781178e-07
3.82046585119e-05
4.72767026008e-05
0.0
1.16433244989e-06
0.0
0.0
5.39103696412e-05
6.37028883274e-05
0.000252362884347
9.99998304965e-07
0.0
0.000100585583019
4.87404346148e-05
4.06192203993e-05
2.92069153244e-05
6.30465385689e-05
5.09395446825e-06
2.16870599887e-05
0.00030111549768
0.0
0.000160947921529
3.30230453189e-05
0.000225119636593
0.000197858837235
6.13342435499e-05
0.000194045162315
5.38261188812e-05
0.0
0.0
1.95620371284e-05
5.82166224943e-06
2.54043134595e-05
7.14087582065e-07
0.0
3.94540363289e-08
0.0
7.16010498814e-05
0.0
0.000135459328904
0.0
0.00226691469594
1.17345256119e-05
0.000352978675065
2.52824946034e-05
0.0
0.000586405264505
0.00022581776072
8.09185519064e-05
2.54697723412e-06
0.000103250640441
0.00011038032886
1.46780740402e-05
9.87495054729e-05
0.0
0.0
7.87494980464e-05
9.05206809405e-05
0.000231401731206
0.000140684188058
4.35918330481e-05
6.25477560087e-05
6.57931060413e-05
0.000180208696463
0.000172070651425
0.000178278517761
0.000119586667413
6.89107629307e-06
0.0
1.25095040979e-05
0.00101793103468
4.35281042602e-05
0.000119759897118
4.24496205687e-07
5.18732354276e-06
0.000178417579031
6.13011407319e-05
0.000161723688068
1.03036906343e-06
0.000145663497766
0.000117836680068
5.95024932849e-05
5.91211334722e-05
0.000126406762683
0.000352974782687
0.000136217468537
0.0
0.000163616324453
8.81955513653e-05
0.000197899313972
0.000156305465086
4.25081717695e-06
2.90493652206e-05
2.59622560617e-05
0.0
0.0222767558378
2.42022622878e-05
0.00108035061698
6.93794982745e-05
5.9871014241e-05
0.000754361348285
2.42763924452e-05
1.00924681621e-05
0.00137779478265
1.6745483841e-05
2.56451120217e-05
1.1838913942e-05
9.24252202646e-05
1.05120696754e-05
8.77686579982e-06
9.17829633918e-08
1.23526286493e-05
7.07076415761e-05
3.47861934783e-05
4.8355390092e-05
0.000229416744872
3.94053763508e-05
0.0
1.65992654224e-05
0.000370840783229
0.000138747116776
0.0
7.78567228128e-05
0.000140827013336
8.82865276761e-05
4.185485092e-05
0.00265682278069
3.6096183607e-06
7.61554654722e-08
2.66699227782e-05
0.000247746426459
0.00013151623339
0.000130102037678
0.00266327278265
0.000143006230009
0.0
0.000111418690526
0.000106853169074
4.89803314255e-07
4.22798220865e-05
0.000196118745133
4.2025124363e-06
8.90620158162e-06
0.00796513808787
7.7071451542e-05
1.81340884981e-05
2.85751530016e-05
2.01035143162e-05
3.5367570805e-05
4.08764409783e-05
0.00183731191951
4.64083333629e-06
6.15200335353e-05
2.43654340021e-05
0.00270039527741
3.34001207514e-05
0.0
0.0
1.6366406846e-05
0.00248157039782
6.10092860053e-05
0.000305479044897
0.00092739132384
5.31081407268e-05
0.000349851917108
0.0
4.48016477478e-05
0.00052406226268
6.14891396604e-05
0.000220591025949
1.08845180945e-06
1.99438381476e-05
2.9491714625e-05
0.0
0.000165544505259
1.52818634047e-05
0.000155964896467
0.0
1.30193889468e-05
0.0
8.91862275749e-05
0.000104550447861
2.05240582259e-05
0.000103552005562
0.000717443306923
6.63847208247e-05
2.76475947329e-05
3.39319282157e-05
1.64720200073e-06
2.98649619514e-05
0.000193837572367
5.43623599378e-07
1.3648112397e-05
6.5493700306e-06
9.98776629553e-07
7.94428457939e-05
5.49136617939e-05
0.000153812742629
6.04026221531e-08
6.68363611161e-05
1.81922526522e-05
6.7860209293e-05
0.000112128384405
3.0362072846e-06
5.27259448183e-05
0.0
0.00016416997306
0.000118389782665
1.75316173037e-05
7.80829701004e-05
5.7746680999e-05
0.0
0.0
5.55452673979e-06
0.000127844424041
7.2974931432e-06
2.7282541656e-05
0.000350501143742
7.58063460192e-05
0.000245038810433
7.8535655762e-05
1.52897579487e-05
0.00017580549286
9.98764946582e-06
3.28121076034e-07
1.59432887114e-05
0.000460277951482
1.02451137728e-05
9.96022814757e-05
5.09550284868e-05
2.93125615418e-05
5.95397275509e-07
4.60976999384e-05
2.36565671198e-05
1.57644485649e-05
0.0
5.32978715642e-05
0.000588419357152
3.11939493457e-05
0.00023285151902
4.9982732188e-05
0.000429158119353
4.03316186846e-05
2.92513859973e-05
8.70504830441e-05
3.46353846741e-05
2.77451638225e-05
3.29794508137e-06
0.000196783275033
1.01070525164e-06
9.84192872535e-05
6.32048341064e-05
0.0
4.5806570186e-05
0.00032888324479
5.19766794224e-06
0.0
0.000130957211659
7.89801871024e-06
4.12528506543e-05
0.000200554114286
6.4792081692e-05
4.75628014697e-05
3.53853635142e-05
0.0
0.00012768594041
5.33050928381e-05
6.57041563652e-06
1.70283620796e-05
0.000119633395497
3.96671752462e-05
7.13278427259e-05
0.00149128965733
1.27474328565e-06
8.34803573387e-05
4.31089216666e-05
0.000273436751883
3.02181087903e-05
6.94630154761e-06
0.000101399957864
0.00157516779473
9.4999667064e-05
0.000130999927427
7.24762117669e-05
2.52845376333e-05
0.000125351660411
0.0
1.65028096596e-05
0.0
3.04959321612e-05
0.000174704910209
2.18312334353e-06
2.12281991936e-05
0.000325373402
0.000116631564184
3.82984408673e-05
1.79774431098e-05
3.38747972138e-05
5.27896332463e-05
3.94781471289e-06
7.16936615239e-05
0.00062085938695
9.76670161152e-05
0.0
3.70023789572e-05
0.0
0.00016810850587
0.000114610965739
6.70899782772e-05
7.4790903554e-08
1.85969766301e-07
0.000106012846014
3.22808043267e-05
0.000292604177858
3.00382247175e-05
1.5770976369e-05
1.9793651648e-05
0.000163763829578
3.53355152897e-05
0.000193404501626
0.000334663413877
0.0
0.00013536500179
7.27707781178e-07
1.16831143688e-05
0.0008694270711
6.78726475528e-05
0.0
9.82576242879e-05
1.52011444371e-05
6.94510494017e-05
8.36323127208e-05
6.23138464821e-05
4.52618727336e-05
1.12141909397e-05
8.98822808492e-06
5.66012459691e-05
4.43740033678e-06
6.20411692422e-05
2.77331850124e-05
4.45265043827e-06
8.52025613312e-05
0.000137650790177
1.94316366326e-05
6.71730259549e-07
5.81870930443e-05
6.5493700306e-07
0.000183008219986
2.3154338492e-07
0.0
0.000229816999219
0.000372827958921
2.10055898089e-05
2.60560330856e-08
2.31154236374e-07
4.960033562e-09
0.0
0.000102963582161
9.32004996847e-05
3.2091100717e-07
3.3959696455e-07
0.000172080363647
7.85666236493e-05
0.000135913523281
0.0
7.23373778517e-05
5.7255520683e-05
8.7690721151e-05
0.000219769000133
6.37918466578e-05
2.36815206208e-05
5.20550990409e-05
0.0
4.4933370985e-05
0.000114337566283
4.13455122111e-06
2.29227951071e-05
3.79478081773e-05
0.0
2.91944876658e-05
1.54324236353e-05
5.61221273821e-05
1.02366549123e-05
8.98313899337e-07
0.000108941771367
2.28913413615e-05
0.000110224215684
0.0
0.0
2.38211903006e-05
8.84314305967e-06
4.9487631457e-05
0.000205874985514
3.09713546604e-05
0.000163650605267
0.000211068114277
2.95228373675e-05
4.2001687779e-05
0.000203091333098
0.000118373686253
1.11742179483e-05
9.07113156691e-06
4.44563299047e-06
3.10866512161e-05
5.45802594184e-05
0.0
7.86088854278e-05
1.6224223268e-06
6.78497026635e-05
3.96152920569e-05
5.09395446825e-06
0.000155299696412
4.1208635441e-05
1.61541896456e-08
2.81226300146e-05
1.17269036124e-05
3.80552645658e-05
7.88298775518e-05
2.3154338492e-07
9.10136728956e-05
5.13364525778e-05
0.0
0.000104653160143
0.0
2.57123416016e-05
1.53502018522e-05
3.64034463239e-08
3.99495725634e-05
1.45096486163e-05
0.0
2.74063413344e-07
4.79520913117e-05
1.30606623285e-05
0.0
0.0
1.55215789091e-05
0.000758824601854
9.70519964708e-05
5.32294219593e-05
0.0
0.000107154555089
1.94546225714e-05
0.000313350331514
0.000211278795383
2.94650307477e-06
7.22264847209e-05
2.61489101561e-05
0.000204796994464
6.05461649369e-05
0.0
0.000222211877174
4.93225899872e-05
2.88344991863e-05
0.000259228794772
0.0
8.17027936841e-05
5.45780835884e-07
5.3193098393e-05
0.0
0.000145535525571
0.0
8.66829437373e-05
0.0
1.29563624518e-05
0.000245411195706
0.000497870695457
4.0751635746e-06
3.48447103413e-05
2.40341599245e-05
7.73751772983e-05
2.34788538495e-05
0.00151588896478
2.98850483132e-05
9.09487417205e-06
3.94350612115e-05
2.50985246283e-05
2.3154338492e-07
0.00011061332363
7.10588392254e-05
0.0012171184322
1.85234707936e-06
0.0
4.52268473702e-05
0.000147093158946
0.000247003612403
0.000407105873089
4.19413851741e-05
0.000119971493845
5.72721506932e-06
0.000320495742755
0.000246322468253
1.8631217132e-05
0.000399872629832
8.78268011767e-07
6.43307033666e-05
8.01842891395e-05
5.78111461156e-05
2.06061296442e-05
4.39508438923e-05
1.25389648449e-05
1.35839639079e-05
7.50125440184e-05
7.00658258159e-05
1.84396541837e-05
3.20119997117e-05
4.75359989515e-05
1.1180237729e-05
1.80399537251e-05
0.0
0.000490926664806
2.89168539896e-05
0.000153903260162
0.000293846279083
1.74152289513e-07
2.0375817873e-05
3.45554586197e-05
0.000410956743418
5.3055253267e-05
0.000213940491957
0.0
0.000889144461875
0.000458316052298
0.000458383445504
4.24496205687e-07
5.63973530413e-06
0.000589599370758
1.70252488912e-05
4.80647535398e-05
2.5200698171e-05
0.000465607583219
0.0
0.000193431096654
2.51993131113e-05
0.000110142135944
0.0
0.0
0.000192143226392
3.91170117086e-05
4.80916498294e-05
0.00012723240597
2.90183097478e-05
4.81687768018e-05
0.000112740368662
1.27060193977e-05
0.0
7.20588436637e-05
0.000169908322941
2.00108728025e-05
0.000105660664905
0.00984253268912
0.00490617766133
0.00010558649998
7.54670452699e-05
4.50619049114e-06
6.84193073914e-05
0.00106122056248
6.17449026454e-08
3.13474121123e-06
2.67589400247e-07
8.80026528247e-05
0.000104811958449
0.0
1.9600013053e-05
0.000238435804182
0.000207898289212
2.44076524517e-05
2.78739011406e-05
0.0
5.89616723799e-05
9.00120902612e-05
2.71308444504e-06
0.0
5.08269760709e-05
2.61693435691e-05
2.43744320897e-05
2.07508188977e-07
7.84337361513e-05
9.47030011954e-05
1.01879089365e-06
0.000157437941084
0.000100887496454
4.27165993144e-08
2.89593927705e-05
0.000221082815041
1.13456258611e-05
8.64885337778e-05
4.51880420875e-05
0.00419948284874
1.35873019385e-05
0.0
5.02748435109e-05
2.90370141299e-05
0.000331564892532
4.05545466595e-05
0.00260336276979
9.04754170124e-07
2.46662973567e-05
0.0
0.00146883875617
0.00011136169884
3.42062775355e-05
2.07896866347e-05
4.10992473798e-07
4.85737632611e-05
1.1470932201e-05
0.0
0.0
0.0
0.000183923925603
0.00311163448094
1.78680236904e-05
0.000157696814915
1.91218413389e-05
0.000174813565174
8.31266196192e-06
3.62179585147e-05
4.03702001043e-05
4.93457821941e-05
6.08916148468e-05
1.93044050995e-05
5.62080135255e-05
9.64580649634e-05
8.44571981888e-06
2.09027786801e-06
8.18078283502e-05
1.81926945295e-06
7.63430003077e-05
3.13474121123e-06
1.80280361215e-05
4.643849007e-05
0.000316340126539
3.49473815435e-07
0.000100230144392
0.0
8.15433891243e-05
0.0
0.000235235350146
2.89091941298e-07
0.000278198723165
3.56576812777e-06
1.34119307518e-05
0.000147343708752
0.000220258267518
0.0
3.0596232788e-05
6.19479887491e-05
4.76153002579e-05
5.39641486794e-05
2.54697723412e-06
8.70849712015e-05
7.71192758346e-06
0.00095994775157
0.000285064764896
1.49883319126e-05
1.70535519643e-05
3.58302940995e-05
5.8512820562e-05
3.57470489e-07
0.0
0.000372975643365
6.21081079551e-05
4.88515043826e-05
5.47001385019e-05
0.0
0.000319460048697
0.000207137956432
1.81024587646e-05
2.76469713338e-08
8.09419140649e-05
0.000247032780719
0.000369722282414
0.00010310529122
0.0001474443793
2.55531182949e-05
6.35422620337e-05
5.09395446825e-06
0.0
2.86534938839e-05
0.0
2.88060838685e-05
2.91083112471e-06
0.0
8.00519041622e-05
0.000679386167417
5.60986468765e-05
1.52818634047e-06
0.000165055558974
0.000217117719676
6.64044233935e-05
1.16300330323e-08
4.33768411367e-05
1.16433244989e-06
1.92106481422e-06
1.06124051422e-06
1.55741799202e-05
9.16911804285e-06
3.64287928056e-05
9.65878391105e-05
6.96624478232e-05
0.0
8.80604703041e-05
1.95921325702e-08
2.44779544001e-05
0.000228053560593
1.10757663116e-06
0.0
0.0
1.64085262754e-05
0.0
1.51139308399e-06
3.05637268095e-05
4.29181001902e-05
3.30531588963e-05
0.0
4.01046478735e-05
3.27041212346e-05
3.92926914822e-05
4.96195359333e-05
2.11366032806e-05
5.26896581552e-05
3.33527415557e-05
0.000214971547958
9.52285296687e-05
0.000157875218934
2.75073541285e-05
5.50598828403e-05
1.28531003038e-05
2.72989650821e-05
7.60463238391e-05
1.51441889597e-07
4.34490903019e-05
0.000110424087825
6.17449026454e-08
2.45965230038e-05
2.35604136641e-05
6.68876291253e-05
6.72829920352e-05
1.65553520218e-06
3.50335645546e-05
6.71781708024e-05
1.50560230589e-07
4.97266983805e-07
1.52818634047e-05
0.000136746486634
0.000158367955925
2.16034675673e-05
0.0
2.03586085674e-05
3.29972759077e-07
2.94827340459e-05
0.000260260237359
0.000403441194128
0.000217151954413
8.94441142938e-05
6.67578495873e-05
9.57776007047e-05
1.78088870083e-05
0.0
2.66512433168e-05
2.6869210382e-06
1.06792517642e-05
0.0
5.46336821594e-05
8.84296168535e-06
0.0
0.000135240470426
2.50066855714e-06
6.86588634864e-05
6.21168937542e-05
0.000335966272117
0.0
8.92690467702e-06
0.000109650889255
4.88644729652e-05
4.56933436908e-05
0.0
6.34428874682e-06
2.18312334353e-06
1.0137639649e-05
4.67412885167e-05
4.14870262664e-05
5.32932148181e-05
0.000290885078155
0.000103577822503
0.000241302114841
1.51006555383e-06
4.41272361003e-05
0.000110205710743
9.7717146046e-05
6.81952540768e-05
8.79343253973e-06
0.0
8.09553227779e-05
0.000230969408988
0.0
7.76343453441e-05
0.000455118449512
0.000402153509095
0.000170799206858
0.000452081690639
0.0
5.35652615816e-05
0.00017415666601
1.08671028656e-06
5.14864992406e-06
3.78655907881e-05
2.97040589112e-05
0.000279146451667
0.000136338716508
0.0
0.000106393918399
4.25097116195e-05
1.4920507367e-07
4.30483349987e-05
2.87066112729e-05
0.0
4.50180009729e-07
0.000122078000343
5.53659620635e-05
1.33052988866e-05
4.54310025589e-05
3.32214421842e-06
0.0
1.01070525164e-06
0.000103726087874
2.44509814476e-05
0.0
0.000608903362061
4.74685756513e-05
0.0
2.44509814476e-05
1.00488991647e-08
2.56838040416e-08
2.66876127162e-05
9.51088009798e-05
0.0
0.0
2.00140653139e-05
0.000210449507215
3.43766413258e-05
1.3210614677e-05
4.55012785571e-05
0.000159573189986
1.9555174821e-05
0.000323451660912
5.12185052649e-06
5.48737522825e-05
5.45780835884e-07
1.59740732454e-07
0.000107435196331
2.0084387979e-05
0.000231774175873
4.93151739202e-05
0.000151582248072
0.000137447315221
0.000546584522399
2.0375817873e-05
1.70626501011e-05
7.94865225821e-05
9.293896357e-05
0.0
3.18222332075e-05
3.59740618675e-05
8.66651831351e-05
1.52818634047e-05
6.81911740901e-05
0.000256491818957
7.37872483882e-05
4.26146249666e-05
2.09266635069e-05
0.000129052754843
3.93385639385e-05
1.44822635612e-06
2.3914239625e-08
1.93858277499e-05
2.82420590999e-05
2.93451729955e-05
8.1503271492e-06
1.36952181542e-05
5.49409203884e-05
1.32019226698e-05
6.80009719982e-05
1.86481480009e-06
0.0
2.40518674893e-05
4.16504169159e-05
0.000114895088266
1.98226529723e-05
1.01879089365e-05
0.0
1.52818634047e-05
5.40413115947e-05
7.07635487134e-05
9.97142239227e-06
9.80181351925e-05
7.27707781178e-07
5.98909394987e-05
0.000197307242044
2.39375718232e-05
0.00133540610001
0.000104908053046
1.61825451865e-05
2.13376068384e-05
1.03111497704e-05
0.000193243781829
9.62264943515e-05
5.03134220964e-07
0.0
0.00010248968657
2.8942923115e-08
4.80012712465e-05
5.72089298731e-05
3.76400576471e-08
2.50160597975e-05
4.42439062963e-08
4.62955260998e-05
2.49785689035e-05
1.01879089365e-06
0.000168576961378
9.99254638258e-06
5.49228574671e-05
1.33442508491e-05
1.89086987295e-05
0.0
0.000121129219252
0.000111392808529
3.62779055009e-05
0.000332533406623
0.000145000115157
2.80350282783e-05
9.26173539681e-07
1.62648941902e-05
2.91473832954e-05
0.00330831474687
1.67932564887e-07
0.00016846808641
5.23949602448e-07
1.38422675768e-06
4.03961648131e-05
2.56916168705e-05
2.12617229979e-06
0.00031188455426
2.10196333769e-05
3.49949325308e-05
0.0
0.00042896196776
1.50258951006e-06
0.000226906193839
1.27638290937e-05
0.000254073631173
0.000148616587801
0.00013576101989
0.0
1.51222558287e-05
6.01093634278e-05
6.87670444656e-05
9.1684900986e-05
1.69293000976e-05
0.00113497732442
6.5493700306e-06
7.8003161738e-05
3.92598838977e-06
9.72764315157e-05
6.31222524352e-05
0.0
2.76426267344e-05
0.0
6.4209510104e-07
0.000769564011158
7.38960403187e-05
6.74028365239e-05
0.000112005308999
0.000358268644119
3.67279636739e-05
0.0
0.000835824557916
0.000107218828901
0.000405373485393
1.58901910251e-05
1.64940811256e-05
2.99861152278e-05
1.83382360857e-06
6.39343902937e-05
4.24496205687e-07
0.000125802872418
6.90195461153e-05
1.07336897724e-05
0.000225711804536
0.000419101132867
1.35264902448e-05
0.000292244289414
2.07503268686e-05
6.67611891193e-05
0.000216458437819
0.0
6.27090005202e-05
2.37275883423e-05
2.81300157167e-05
0.000369820637393
0.00010967453905
0.000155327759908
3.30567459059e-05
0.0
0.0
0.000117717725879
3.19928749043e-05
4.08109433498e-05
3.71399312514e-05
2.69251879036e-06
1.97804205975e-06
0.000110773085916
9.09729207282e-05
0.000200480505574
9.98814601617e-08
0.0
0.000117902327711
3.05507698032e-05
0.0
0.000177701486617
0.000107403909753
8.53819320139e-05
6.21044823353e-05
0.000193721802154
0.000815476642453
0.00015287383168
0.000259075228998
0.000211243595538
2.62103525761e-05
5.98639772167e-05
5.16943482726e-05
2.95396844164e-08
4.48881807842e-05
3.10257886283e-07
3.3959696455e-07
5.3190740077e-05
0.000104785254659
2.5243637393e-05
6.43233854648e-05
2.79717935808e-05
3.6347530664e-05
4.24505775896e-05
8.31831553985e-05
0.000191696661696
0.0
3.29642665671e-05
1.67372133374e-05
8.24022046334e-07
5.22936675177e-05
0.000181686523468
2.06477220314e-05
0.000209102536069
0.00041787631137
0.000185720148089
0.000253948578684
0.000383958575249
0.000796983507484
8.85377800434e-07
4.73045412755e-05
0.0
1.3434605191e-06
7.85329160688e-05
0.000119316415657
0.000392620498949
6.439712064e-05
0.000200744237879
0.000699543045164
0.00010417373264
0.0
1.75064199999e-05
0.0
4.59667392855e-05
4.38932409226e-05
4.98472639319e-05
0.000128937956424
6.91826775107e-05
0.0
1.57220816926e-09
0.000324964631791
2.96103128716e-05
3.77286978048e-05
0.00149975310039
8.81635937087e-09
0.000141506324354
0.0
0.0
3.15730791431e-05
0.000108531048064
0.000356366133376
0.000195502052537
0.00038466720125
1.53222916148e-05
8.20475401289e-05
2.24843955414e-05
2.22273316878e-06
1.14958838017e-06
8.0158473353e-05
2.71315706022e-05
1.86388110388e-05
6.23583828556e-05
2.76710060594e-05
0.000128034002396
0.000804502465804
0.0
0.000245072198728
3.92154555139e-05
7.27707781178e-07
2.91629386334e-05
2.68361629106e-05
0.000286150131905
6.34584465883e-05
6.31534905408e-05
7.76590243017e-05
5.08024648368e-05
1.01879089365e-05
3.85905641534e-07
0.000126507318954
0.000325145859703
0.000123112574316
0.000183819503736
1.02548385819e-05
8.59436951656e-05
0.000258165871699
0.0
0.0
2.54697723412e-06
0.0239426917323
0.000150649121385
4.42328953608e-05
3.744077276e-06
2.79152418578e-05
0.00058347464755
0.000431223935894
5.68812563209e-05
4.51332203192e-05
2.49713649396e-05
0.000131359480226
1.66402512629e-05
2.93583728318e-05
0.000205922301872
0.000175863261143
1.2113548767e-05
0.000191599560347
0.0
2.82784514806e-05
0.000151878723976
6.75302396527e-05
7.14098247033e-05
5.81589239786e-07
3.01494656119e-05
2.91254633898e-05
1.52818634047e-05
0.0
0.000107871393252
0.000115697641683
0.0
7.98593152553e-05
0.00024287773504
2.24306980568e-05
0.000118821739426
5.0985616857e-05
5.14071337525e-05
0.000164579392314
5.03064190956e-05
0.000147613682611
0.000110345186883
3.36060276708e-05
6.1909916394e-05
7.04489370448e-05
2.94117659754e-07
1.51139308399e-06
2.27582211935e-05
7.78668048987e-05
0.000264972928738
1.26470593694e-06
0.000311674402368
0.000410175277792
1.42560093705e-05
5.85598515119e-05
3.13832666879e-05
7.45359275191e-05
1.75134581157e-05
0.0
0.0
8.19776420278e-05
1.52818634047e-05
0.000137208283028
8.37382028004e-05
0.0
0.00013674180002
0.00012484029156
3.9694856075e-05
0.000232446484478
0.000173510940236
7.59423639587e-05
0.000112702134249
0.000114442956215
0.000211466769169
0.0
1.87732324894e-05
6.33674810097e-08
3.58544359632e-05
7.27707781178e-07
6.09714510424e-05
0.000161239593284
8.62280988248e-06
1.96481100918e-05
2.82656486162e-05
7.50270312323e-05
2.19176620721e-05
2.7764346426e-06
7.58028938726e-09
1.52818634047e-06
1.45054960001e-05
4.60841039802e-05
0.000187393701945
5.41803069831e-05
2.79393085223e-05
1.2519311295e-05
2.07899692132e-05
6.09341884858e-05
4.38402704176e-05
1.63006542984e-05
1.17800573069e-06
0.000160292053009
1.52818634047e-05
5.37483767016e-05
8.83447816706e-05
0.00103507408356
0.000116688345643
1.05453794255e-05
4.1360936338e-05
4.81610240634e-07
1.92926150872e-05
0.000127066879209
2.35791143737e-05
0.000169134936538
0.000539337429041
0.000154339952737
1.84436282471e-06
0.000146754933889
0.0022556133893
8.04868696479e-05
9.82140079148e-05
1.5672527582e-05
1.45541556236e-07
4.99443775929e-05
0.0
7.60701309557e-05
0.0
2.35250360295e-05
0.000252311373666
0.000367278574531
3.61390013506e-05
2.39960404311e-05
6.23025178302e-06
0.0
0.0
3.63853890589e-06
1.95523912043e-05
0.000152187491653
5.50850929529e-05
8.37245346563e-06
3.12835247235e-05
0.0
6.07814757828e-05
0.0
4.54401343911e-05
0.000134600367549
0.000172646738686
1.36254316293e-05
0.0
9.6636650139e-05
8.29968563077e-05
0.0
6.02881183922e-05
3.85196331757e-05
2.50566147197e-05
4.93852075597e-05
3.21416166906e-05
8.18675603486e-05
0.000222650811813
0.00012642528726
4.06618601667e-05
0.0
0.000257459202325
9.60650672152e-05
1.09980777087e-06
0.00318081019383
2.58402282723e-05
4.03809273663e-05
0.000471508706635
0.000663813916474
1.95921325702e-06
0.000867274418111
0.000622514211448
0.000176464283013
0.000104142874816
0.000360210741978
2.63620558216e-05
5.3008718574e-05
8.83737533074e-05
1.51139308399e-06
9.55766292357e-05
0.0
0.000644699036415
4.46741581762e-05
3.99111845057e-06
0.0
1.14613975536e-06
8.46763605749e-05
0.000234688234025
0.0
0.0
3.45805249569e-05
6.12468528359e-05
3.980333101e-05
0.0
0.0
7.77851220276e-05
0.0
5.09395446825e-06
0.000362254023245
0.0
7.86997320614e-05
0.000104346435858
5.74548677631e-05
0.0
7.52991964924e-05
2.76511644212e-05
9.0849672698e-05
9.26286616398e-05
0.0
2.57610295465e-05
5.08924220695e-07
3.70469415873e-07
2.27148600673e-05
7.28405617505e-05
1.73622515321e-05
8.87258210818e-05
0.000124294250441
1.43655427751e-05
9.13868118034e-05
1.69414322813e-05
4.42463823932e-05
0.0
2.72403982259e-08
0.0
4.38537704779e-05
0.000559443292797
8.21080811094e-05
2.75698436969e-05
6.1127453619e-06
0.000108294090921
0.0
9.13590471565e-05
2.65293912231e-06
0.0
0.000167240965843
0.000885988006249
0.0
4.83776025217e-05
6.89652577183e-05
0.0
9.08394315482e-07
4.26383144496e-05
8.50152957457e-05
0.000261055660929
5.05580978565e-06
1.88426442655e-05
8.15698591322e-08
6.59326190406e-05
4.44563299047e-06
4.92540355718e-06
9.03390167198e-05
3.17581291554e-05
1.01879089365e-06
1.95303380886e-07
1.98869475174e-05
0.000214706270607
8.79458542984e-05
4.36624668707e-05
0.000116911982885
9.54971626764e-05
3.94840066995e-05
1.39251241121e-05
0.000194562137512
0.000530126249108
2.20429302444e-05
1.43829302633e-05
0.00055044305189
8.11105242524e-05
4.33283084034e-05
4.9354458673e-05
0.000819759832361
1.0385492625e-05
0.00216360328405
0.000461023100753
0.000379644531636
0.000164262256963
1.93456955664e-05
3.24746634068e-05
6.08217469356e-05
1.52180293889e-06
2.94317369277e-05
4.68972130979e-05
1.43126064189e-05
0.00311211777709
1.89654193103e-05
9.93705719178e-05
7.85523561965e-05
9.70277041571e-07
3.23843892908e-05
0.000266464782758
5.02450821326e-05
0.0
3.60475323725e-05
0.000984936728944
0.0
3.20373527808e-05
6.29823998066e-05
0.0
0.0
9.60014495939e-06
5.32498948753e-05
5.01342312181e-05
0.0
0.000131005166484
0.000236167070373
5.53361907647e-05
3.40525434682e-05
0.000101509819983
4.25477508604e-05
0.000275493596253
3.217234401e-07
0.000152361326711
2.01211201496e-05
0.000132105017895
0.0
1.41962084237e-10
2.95778001382e-07
9.60027887691e-07
1.48217948913e-05
0.0
0.00018055493355
0.0
0.000311102703279
5.69900766422e-05
0.000194233620486
9.13706361476e-05
0.000134585504526
1.11867235381e-06
6.30690959201e-05
0.000522215140463
4.51369074731e-07
6.2651731414e-05
7.94363593566e-06
7.74817350842e-05
0.0
1.51654603395e-05
1.67253000906e-05
3.64040005111e-07
1.65468051183e-07
0.00059286177537
4.43152057182e-05
0.000549147413309
4.47554526633e-05
4.63062729025e-05
0.000228196877707
1.52818634047e-06
2.40330159528e-05
0.0
0.00129385544024
0.000242037540299
0.000307186497544
0.000184327874323
4.62434938423e-05
7.06914994792e-05
4.89607842824e-05
0.0
0.000235619162136
2.99197809865e-05
1.80979409566e-05
5.0921956453e-05
8.73070199198e-05
1.01879089365e-05
3.58151524697e-05
3.48401927561e-05
1.79327772925e-05
2.41219824887e-05
4.17959228044e-05
6.3558983826e-05
0.000365507737126
6.67106053867e-05
2.02338187706e-05
2.26118433529e-05
6.47086768973e-05
3.99541865456e-05
0.00109502689968
2.33143151617e-05
1.92475736573e-05
3.92261734453e-06
0.0
0.00011903718726
0.000243628471163
4.90650068201e-05
0.000153211353326
0.00114445305326
1.9344130892e-08
0.00020353997962
0.000109768084765
0.00022876732242
0.00024155315258
0.0
1.89899626132e-05
0.000141651250099
0.000217909015696
1.69815129185e-05
7.34009023289e-05
1.61497341612e-05
4.89995089097e-05
2.81760983301e-05
0.000576484512203
0.000166713906625
3.05866725503e-05
9.91076659538e-05
0.000217086004708
0.000413867134852
8.9387651732e-05
1.86438777401e-05
1.06124051422e-05
3.15657810789e-05
1.54659403317e-05
6.10426573759e-05
0.0
5.60398666157e-05
0.0
1.77818933993e-05
6.44291766843e-05
1.74091556369e-05
7.22298156161e-05
6.87041758112e-06
2.77852061904e-07
3.94346621518e-05
3.94346621518e-05
4.08503278738e-05
1.53384105404e-05
1.8117688528e-05
0.000260856719354
0.00010183852533
0.0
0.000111811019603
2.50125371923e-05
0.000143534762585
0.000168392873287
8.22845103747e-05
3.02554035148e-05
0.000431329744752
0.00014446961695
0.000109629746599
2.92382590652e-06
2.18312334353e-06
1.97723801898e-05
2.33785694363e-05
3.24160738888e-06
6.61906161377e-07
3.87140539587e-05
0.000116574446043
4.34626975033e-05
7.3625358168e-08
6.08290994215e-05
2.74289855983e-06
2.09327695027e-05
1.78064496302e-05
6.55111672106e-05
0.00184734592878
5.59748143713e-05
6.42983157978e-06
0.0
1.56867615731e-05
0.00021654843045
0.000515215383414
0.0
2.1052476375e-05
0.000277966434261
4.41756678164e-05
0.000154426585069
0.00013182138796
0.00147355007732
3.89629661556e-05
6.05933971772e-05
5.16103941678e-05
0.0
5.7872088173e-05
0.000189206204745
5.34736929604e-07
1.56758580524e-05
0.00015416959358
2.30335332477e-05
7.37437560439e-05
6.06504277825e-06
0.000209227018351
7.55920977865e-05
6.69784997763e-05
3.00903064517e-05
0.0
3.24067755191e-05
2.53196683538e-05
7.27707781178e-07
6.45157051516e-05
2.52349216617e-05
8.29598829326e-05
8.37307672612e-06
3.73797712115e-05
7.44677015151e-05
0.000452073447046
8.19295438324e-06
0.000830685946093
0.000168626037722
2.29299166428e-05
8.77559046311e-05
2.88657419867e-06
3.3959696455e-07
4.89500261143e-05
1.91360582717e-05
5.55909593167e-05
0.000144642411465
0.0
1.35904393883e-05
1.45462376306e-05
0.000195390462399
2.54697723412e-07
0.000216916458397
0.00024038608004
6.06083961188e-05
5.64617550115e-05
0.0
7.13004788075e-05
1.56940153385e-05
4.67674963979e-05
8.72093901705e-05
0.000149957751066
0.000525451855173
3.70512664453e-05
0.0
1.75355180501e-05
0.0
0.00028447786357
8.11454046776e-05
0.000360409311824
0.00010992641079
1.37536770643e-05
0.000572192442717
3.40145504127e-05
6.88982104128e-05
6.75220307073e-05
2.71494533615e-05
1.52818634047e-05
3.71407117232e-05
0.0
3.13474121123e-06
0.0
0.000191057192205
0.0
5.64714409376e-07
6.86008525704e-05
1.60231156624e-05
1.34736937102e-09
3.60546127947e-06
0.0
6.51214144498e-05
4.8328200661e-05
1.27546729856e-05
0.000755984601362
0.0
4.34097700142e-05
4.99015633803e-05
1.70866397258e-07
0.00010117370641
1.36445208971e-05
1.68178617325e-05
0.0
6.45234232645e-06
1.29811125882e-05
7.61387975674e-05
0.0
2.7653924247e-05
0.0
0.0
0.000393613066937
0.000149119208096
6.37117472253e-05
0.0
0.0
6.07579851739e-05
0.000106976020194
2.54697723412e-06
0.000347967504644
0.000154917211608
0.000279262871946
7.83685302807e-07
3.26742541456e-05
0.000385224062269
8.04308600249e-08
0.000640736028996
0.00031624349267
4.91202752295e-06
5.09395446825e-06
5.09395446825e-06
0.0
6.81009955648e-07
2.80522106412e-05
0.00020487636872
3.91842651404e-07
6.31144916663e-05
3.3959696455e-07
8.30767544742e-05
2.48248854462e-05
4.04282100655e-06
1.86364187863e-08
4.37676923758e-05
5.84668239243e-05
7.43469359917e-06
0.0
9.40824544647e-05
6.06720857929e-05
2.70149416925e-05
4.95334879297e-05
0.000588636212886
8.73965091395e-05
1.06791498286e-06
4.67965777556e-05
0.000565151305946
2.60595986481e-05
0.000201579631436
8.21111148996e-05
1.12366642682e-07
2.96616759581e-05
2.90313491459e-05
1.47300362813e-05
1.38219322345e-05
0.000320309655565
0.00114007854951
1.57997270623e-05
9.34411421298e-05
8.8417939643e-05
0.0
6.66859627092e-05
0.0
3.59944823327e-05
0.000546109344201
7.79127970049e-05
2.4768195466e-05
0.000380977411359
0.0
0.0
1.27348861706e-07
8.37106106956e-06
4.40735669514e-05
1.2307540997e-08
6.16204440927e-06
2.29227951071e-05
2.1383255431e-05
0.00270912177403
0.000117769547053
0.0
0.000188462248455
2.3958018112e-05
0.000101271285313
1.33163675538e-07
2.87578898995e-05
3.15759101516e-08
2.78745157818e-05
0.0
8.04308600249e-08
0.000411336770034
8.02408075303e-08
6.1127453619e-06
0.0
0.000259420786076
0.000412505094282
0.000251046369329
8.81210307614e-05
1.631512576e-05
0.0
0.000191413608313
1.52818634047e-05
0.00104290227378
9.52617824814e-05
4.85791941966e-05
8.76374399042e-05
0.000238799011564
2.0375817873e-05
6.60825200485e-05
0.000215694450166
2.98320829969e-05
0.000155374185192
0.000342908330814
0.000330796573976
0.000180680895132
0.000459896494511
0.000159170544829
0.000116832457787
8.62298745302e-06
5.20803395899e-05
7.72289594178e-06
2.16933070994e-05
1.61828169699e-05
0.000183702172949
6.15517163129e-05
3.39257844474e-05
4.78911014624e-05
6.13730807348e-05
2.8934804483e-07
2.91083112471e-05
3.90479750219e-07
0.000383357556094
1.19857752194e-08
7.68199355583e-05
4.24532053304e-05
1.52818634047e-05
1.98103884276e-05
3.7513618177e-07
6.26054346577e-05
6.82007789926e-05
5.45416981993e-05
0.0
4.96636691982e-05
5.23913799841e-05
2.77852061904e-07
5.5665737368e-05
1.51772097773e-06
7.07673421272e-05
1.52818634047e-05
0.0
1.68663009911e-05
0.00012890786796
3.18372154265e-06
0.000165234646674
2.78093532782e-05
4.212466078e-06
2.33194330023e-05
0.000114225503138
0.000847465357053
0.0
1.2216074768e-05
0.000173758622471
4.44846137502e-05
1.72674623293e-05
4.8845797717e-06
0.0
0.000397549051743
0.0
1.48187766349e-06
3.44281060613e-06
0.0
4.34414916486e-05
0.00141002022519
3.63043387805e-05
0.000137398090027
9.08683006435e-05
0.000115953042366
0.000580734241428
2.54697723412e-05
0.000828181110684
1.04169106584e-06
0.0
0.000345256519623
5.58732108029e-05
1.4006541143e-05
7.96547447097e-07
4.75079610845e-05
0.000191666510392
2.32638191174e-05
8.17741397918e-05
3.95445385345e-05
0.000192126456661
2.75209582781e-05
3.93725583113e-05
0.000131209285418
2.74177827718e-06
2.73734092523e-05
4.66827992472e-06
1.65954398582e-05
4.1327126927e-05
4.26493834891e-05
4.60362730018e-06
0.0
1.81396657798e-05
6.58372545784e-05
2.91566284631e-05
9.30347487143e-05
5.24149495761e-05
7.54886465944e-05
1.86970850865e-05
2.3551270009e-05
1.88000528485e-05
1.65992654224e-05
8.43105425847e-06
2.15919103718e-05
1.5948928435e-07
3.8453135653e-05
0.000361455254341
6.49709167485e-05
3.22543254019e-05
1.17126300018e-06
2.01366455604e-05
9.50603883375e-05
3.32817351827e-07
0.0
1.52818634047e-05
2.68211591422e-05
8.83183025412e-05
1.27348861706e-05
3.84315261246e-05
8.04881266895e-05
2.51754411727e-05
3.92261734453e-06
9.7233857933e-06
2.56502496694e-05
3.63944725554e-05
4.26467080928e-06
1.45945838336e-05
0.000104233083672
0.0
7.48019316472e-05
4.90120193359e-05
7.33328974836e-05
2.35734410434e-07
1.88144678969e-08
0.0
7.89129568096e-05
0.000135177578511
2.54697723412e-06
0.00019821356479
2.49542224597e-05
2.37931206075e-05
2.0375817873e-05
1.69798482275e-06
7.34350172462e-05
0.000134810714952
8.19923119029e-05
4.36889482162e-05
0.0
3.42456561208e-05
0.000527772276018
1.24013278854e-05
4.27464710622e-07
4.9341255245e-05
0.000466190989675
1.04483952445e-05
9.82775293083e-05
1.01900492535e-05
4.78705416375e-05
0.000143067878654
7.05226907021e-05
0.00029496709394
7.59347287187e-05
1.77572402056e-05
5.09395446825e-06
2.0375817873e-05
4.23205956251e-05
5.07252818021e-06
0.000110581893448
6.7992373695e-05
7.92662195984e-05
2.46974933028e-08
2.13053189823e-05
0.0
5.45780835884e-07
0.0
2.07172807549e-05
1.51605787745e-05
9.05695608306e-05
1.82001137721e-05
0.0
0.000296271415674
6.03874061278e-05
0.000147394027398
0.000239411717743
5.59969456982e-05
3.57222400237e-05
4.93592209043e-05
9.71770270523e-05
0.000748586741031
2.88916240666e-08
4.52303648938e-05
0.0
8.09472520603e-05
3.71057751498e-05
9.68802103037e-05
1.237103228e-06
0.000463077254009
7.30255170007e-05
2.5159539024e-05
0.000114604904228
0.000142254116805
8.42722108127e-05
1.73045830278e-05
7.83685302807e-07
5.84264513355e-05
2.58818341534e-05
2.62746612507e-05
3.36928964559e-05
0.000143838458566
2.58684515317e-05
0.0
7.8681283136e-05
8.31538659402e-05
2.38369575507e-05
0.000252422729248
9.17829633919e-06
0.0
0.0
0.000244172728759
5.35848157281e-05
5.60381811661e-05
4.85017234593e-05
0.000109425894199
0.000129640261788
3.36505546642e-05
1.27348861706e-06
0.000113816665059
0.000119844494097
5.09395446825e-06
9.00523206891e-05
3.05637268095e-06
0.000163565526226
1.31277294417e-05
0.00248267786521
9.43288187175e-06
0.0
8.89514847972e-05
0.000172878236372
4.50269343238e-05
1.71148320903e-05
1.69746236588e-05
6.1279734288e-05
1.4753808784e-05
6.8575220419e-05
9.49103785924e-05
2.7757868897e-09
1.81612147248e-05
6.49555312012e-05
6.99993896023e-05
0.000228986790994
3.34140752665e-05
2.74628212626e-05
0.0
6.84626772006e-05
2.86726581284e-07
0.00016691898104
4.53270314386e-05
2.6631465231e-05
0.000110694421076
0.0
0.0
0.0
0.000195266452313
8.96051945489e-07
0.00048893687921
0.000248418631902
2.93437402498e-05
1.53546341829e-05
3.42229363701e-05
9.19384852736e-05
0.000142912844509
5.33940282173e-05
0.000148851449985
6.62992185738e-05
0.00024215239344
1.14613975536e-05
7.86086890258e-06
2.11582993581e-05
5.41252256012e-05
2.87368269763e-05
3.23270187408e-07
8.76560731626e-06
8.85905124913e-07
1.83571955221e-05
8.94087761104e-05
0.0
4.71016337817e-07
4.49140397599e-05
0.0
2.01980860701e-05
0.000395431443622
0.0
0.0
0.00013518185014
2.18506389762e-06
1.58878141297e-05
0.000153929742549
6.23646552732e-05
3.65243295227e-05
0.000623057585165
2.58800794588e-05
7.04606816771e-05
6.14221876284e-05
2.36505028883e-05
8.37245346563e-06
6.32415085077e-05
3.61011115607e-05
7.58028938726e-09
2.4006835161e-06
2.0375817873e-05
2.46836956943e-05
0.0
1.76590421566e-05
0.000239058067728
0.00188536126236
0.000121574556961
0.00222380165708
8.04308600249e-08
0.000111115623258
0.000433784295366
4.14526976614e-06
0.0
0.0
0.000140659767045
2.29227951071e-05
0.0
0.0
4.50873181857e-05
1.94297977698e-05
5.8998856983e-05
0.00015521296956
0.000216375249704
5.79229860212e-06
0.000305934640735
1.31189729004e-05
7.6727686812e-05
2.66481657679e-05
1.29399674544e-05
2.12132740133e-05
2.4729222658e-05
0.0
6.57321809796e-05
4.43595454419e-08
0.0
0.000139660566392
2.77416405361e-05
8.53990059001e-05
4.67848098611e-05
3.89265535929e-05
7.68225195911e-05
8.13749811925e-05
0.0
2.01326719208e-05
1.3589691798e-05
8.90646811576e-07
1.66814085169e-05
1.52818634047e-05
0.000233249608796
6.08465561743e-06
2.10251796955e-05
5.1681943705e-05
2.70653605466e-05
0.000290967682525
0.0
0.00017592369205
0.000422772414733
9.49267868921e-05
7.22837656805e-05
7.3255596222e-05
0.000214204549113
0.000196038596504
0.000100275466473
1.61690543136e-05
4.22271755143e-05
6.13981184896e-05
6.37341816488e-09
2.7952748609e-05
2.8915487017e-07
0.000504979610723
2.51245141074e-05
0.000163494016362
0.000105411344959
6.49744869344e-05
0.000100080292384
6.76435703717e-05
5.38690201326e-06
4.5949004963e-05
3.76400576471e-08
0.000110871365372
0.000460889396423
4.8328341422e-05
0.000613782942037
4.46961769932e-05
1.90357298585e-05
0.000336684461505
0.000777400473575
0.000757003086606
0.0
4.04872266884e-05
6.15881647318e-05
0.0
0.00126423602267
0.0
0.000927819463893
3.17519970153e-05
3.95486788062e-05
5.23949602448e-06
0.000377660117592
0.00011435072539
2.7134435085e-05
5.20183647649e-05
6.37959631353e-05
1.52818634047e-05
0.000232420848041
4.81385982085e-05
1.68630581921e-05
0.000697948193862
0.000669652504749
0.000144563804471
0.000310873545147
0.000152523429227
0.0
0.000194165641297
2.17169718555e-05
5.19610046584e-05
0.00043655526519
9.85822685528e-06
9.71379629118e-06
0.0
0.0
0.000122487260205
2.6677028532e-05
0.000237482997578
3.10330679958e-05
3.9726028195e-06
1.86896005742e-09
6.15709789649e-05
4.04824299876e-05
3.69846778199e-06
0.000287755854392
9.64381025238e-05
5.09395446825e-06
5.20291606115e-06
0.000324080691134
3.63853890589e-07
6.25182424375e-05
9.38562894091e-05
2.99674697632e-07
0.0
0.000103695363502
1.77489702726e-08
7.49808014748e-05
0.000105452163917
1.51006555383e-06
0.000122575989104
8.1950396369e-05
0.000252961442585
0.000256141672814
5.07111989872e-05
5.65943862303e-05
3.05637268095e-05
3.28038979644e-05
3.70943984336e-05
0.000101862497295
5.18698042819e-05
0.00011434572952
2.77852061904e-07
0.000110156358863
0.0
0.000126559669083
8.25647731493e-05
1.68963640801e-05
8.77126060099e-05
3.81583498349e-05
0.000169057912894
2.29364130305e-05
0.0
4.68505025287e-05
2.56270403272e-05
1.16602043185e-06
1.23378573665e-05
8.20905444382e-07
0.0
5.2223794628e-05
8.74526388321e-05
0.000126492677415
3.61855942401e-05
0.000202502570087
0.00127929405687
4.43861035594e-05
9.01774217285e-05
0.0
1.87264694032e-05
1.70035665819e-05
6.31655927814e-05
0.000158962872866
1.16433244989e-06
0.000300410384516
0.000102335759562
0.000490624077357
7.36708966254e-05
9.56969236291e-06
7.03051306076e-05
0.00023253478414
0.000234000553
0.000377602213894
8.45430205453e-07
0.00162581484352
0.0
1.40630221455e-05
0.000338311894216
3.37833614439e-05
4.71170856187e-05
2.23237156925e-05
5.76383530562e-05
2.13344164669e-05
0.000124036301567
4.14921100287e-05
0.000418263078999
3.73327203596e-05
2.68492491275e-05
3.39800918525e-07
2.92909377488e-05
3.44886434402e-05
0.000214281315536
7.90645406183e-05
2.54697723412e-05
2.67292665779e-06
1.52818634047e-05
4.0751635746e-06
0.0
0.000105718920822
0.000698387333449
0.00253634457031
0.00136295530718
1.3705119358e-05
1.64266281916e-05
2.80916606705e-06
1.55758439033e-05
0.000213415150781
0.000126223285935
7.36023164402e-05
3.62117745591e-05
2.51578975779e-05
1.67266248556e-05
2.61181388671e-05
1.78288406389e-05
0.000286461153333
4.4266697459e-05
0.000378817151877
0.000146184796489
0.000396490045127
3.12992594055e-08
0.0
5.91757605534e-05
9.67876584735e-06
3.23146316941e-05
3.16184049689e-05
5.20039309087e-05
0.000264032007412
9.53450309991e-05
7.44195137499e-05
8.65972259602e-06
